Date,Open,High,Low,Close,Adj Close,Volume
2014-07-14,0.488000,0.488000,0.488000,0.488000,0.486672,0
2014-07-15,0.481000,0.481000,0.481000,0.481000,0.479691,0
2014-07-16,0.480000,0.480000,0.480000,0.480000,0.478693,0
2014-07-17,0.481000,0.481000,0.481000,0.481000,0.479691,0
2014-07-18,0.477000,0.477000,0.477000,0.477000,0.475702,0
2014-07-21,0.484000,0.484000,0.484000,0.484000,0.482682,0
2014-07-22,0.484000,0.484000,0.484000,0.484000,0.482682,0
2014-07-23,0.495000,0.495000,0.495000,0.495000,0.493653,0
2014-07-24,0.535000,0.535000,0.535000,0.535000,0.533544,0
2014-07-25,0.532000,0.532000,0.532000,0.532000,0.530552,0
2014-07-28,0.568000,0.568000,0.568000,0.568000,0.566454,0
2014-07-29,0.568000,0.568000,0.568000,0.568000,0.566454,0
2014-07-30,0.575000,0.575000,0.575000,0.575000,0.573435,0
2014-07-31,0.568000,0.568000,0.568000,0.568000,0.566454,0
2014-08-01,0.552000,0.552000,0.552000,0.552000,0.550497,0
2014-08-04,0.564000,0.564000,0.564000,0.564000,0.562465,0
2014-08-05,0.568000,0.568000,0.568000,0.568000,0.566454,0
2014-08-06,0.568000,0.568000,0.568000,0.568000,0.566454,0
2014-08-07,0.566000,0.566000,0.566000,0.566000,0.564459,0
2014-08-08,0.542000,0.542000,0.542000,0.542000,0.540525,0
2014-08-11,0.554000,0.554000,0.554000,0.554000,0.552492,0
2014-08-12,0.565000,0.565000,0.565000,0.565000,0.563462,0
2014-08-13,0.580000,0.580000,0.580000,0.580000,0.578421,0
2014-08-14,0.577000,0.577000,0.577000,0.577000,0.575429,0
2014-08-15,0.582000,0.582000,0.582000,0.582000,0.580416,0
2014-08-18,0.598000,0.598000,0.598000,0.598000,0.596372,0
2014-08-19,0.598000,0.598000,0.598000,0.598000,0.596372,0
2014-08-20,0.598000,0.598000,0.598000,0.598000,0.596372,0
2014-08-21,0.710000,0.710000,0.710000,0.710000,0.708067,0
2014-08-22,0.690000,0.690000,0.690000,0.690000,0.688122,0
2014-08-25,0.690000,0.690000,0.690000,0.690000,0.688122,0
2014-08-26,0.676000,0.676000,0.676000,0.676000,0.674160,0
2014-08-27,0.687000,0.687000,0.687000,0.687000,0.685130,0
2014-08-28,0.681000,0.681000,0.681000,0.681000,0.679146,0
2014-08-29,0.682000,0.682000,0.682000,0.682000,0.680143,0
2014-09-02,0.645000,0.645000,0.645000,0.645000,0.643244,0
2014-09-03,0.650000,0.650000,0.650000,0.650000,0.648231,0
2014-09-04,0.644000,0.644000,0.644000,0.644000,0.642247,0
2014-09-05,0.666000,0.666000,0.666000,0.666000,0.664187,0
2014-09-08,0.677000,0.677000,0.677000,0.677000,0.675157,0
2014-09-09,0.658000,0.658000,0.658000,0.658000,0.656209,0
2014-09-10,0.642000,0.642000,0.642000,0.642000,0.640252,0
2014-09-11,0.641000,0.641000,0.641000,0.641000,0.639255,0
2014-09-12,0.638000,0.638000,0.638000,0.638000,0.636263,0
2014-09-15,0.620000,0.620000,0.620000,0.620000,0.618312,0
2014-09-16,0.627000,0.627000,0.627000,0.627000,0.625293,0
2014-09-17,0.620000,0.620000,0.620000,0.620000,0.618312,0
2014-09-18,0.631000,0.631000,0.631000,0.631000,0.629282,0
2014-09-19,0.620000,0.620000,0.620000,0.620000,0.618312,0
2014-09-22,0.590000,0.590000,0.590000,0.590000,0.588394,0
2014-09-23,0.584000,0.584000,0.584000,0.584000,0.582410,0
2014-09-24,0.578000,0.578000,0.578000,0.578000,0.576427,0
2014-09-25,0.576000,0.576000,0.576000,0.576000,0.574432,0
2014-09-26,0.567000,0.567000,0.567000,0.567000,0.565457,0
2014-09-29,0.572000,0.572000,0.572000,0.572000,0.570443,0
2014-09-30,0.581000,0.581000,0.581000,0.581000,0.579418,0
2014-10-01,0.597000,0.597000,0.597000,0.597000,0.595375,0
2014-10-02,0.587000,0.587000,0.587000,0.587000,0.585402,0
2014-10-03,0.573000,0.573000,0.573000,0.573000,0.571440,0
2014-10-06,0.573000,0.573000,0.573000,0.573000,0.571440,0
2014-10-07,0.567000,0.567000,0.567000,0.567000,0.565457,0
2014-10-08,0.567000,0.567000,0.567000,0.567000,0.565457,0
2014-10-09,0.568000,0.568000,0.568000,0.568000,0.566454,0
2014-10-10,0.546000,0.546000,0.546000,0.546000,0.544514,0
2014-10-13,0.551000,0.551000,0.551000,0.551000,0.549500,0
2014-10-14,0.544000,0.544000,0.544000,0.544000,0.542519,0
2014-10-15,0.554000,0.554000,0.554000,0.554000,0.552492,0
2014-10-16,0.551000,0.551000,0.551000,0.551000,0.549500,0
2014-10-17,0.544000,0.544000,0.544000,0.544000,0.542519,0
2014-10-20,0.556000,0.556000,0.556000,0.556000,0.554487,0
2014-10-21,0.547000,0.547000,0.547000,0.547000,0.545511,0
2014-10-22,0.549000,0.549000,0.549000,0.549000,0.547506,0
2014-10-23,0.548000,0.548000,0.548000,0.548000,0.546508,0
2014-10-24,0.565000,0.565000,0.565000,0.565000,0.563462,0
2014-10-27,0.564000,0.564000,0.564000,0.564000,0.562465,0
2014-10-28,0.564000,0.564000,0.564000,0.564000,0.562465,0
2014-10-29,0.574000,0.574000,0.574000,0.574000,0.572438,0
2014-10-30,0.573000,0.573000,0.573000,0.573000,0.571440,0
2014-10-31,0.586000,0.586000,0.586000,0.586000,0.584405,0
2014-11-03,0.589000,0.589000,0.589000,0.589000,0.587397,0
2014-11-04,0.587000,0.587000,0.587000,0.587000,0.585402,0
2014-11-05,0.586000,0.586000,0.586000,0.586000,0.584405,0
2014-11-06,0.567000,0.567000,0.567000,0.567000,0.565457,0
2014-11-07,0.576000,0.576000,0.576000,0.576000,0.574432,0
2014-11-10,0.576000,0.576000,0.576000,0.576000,0.574432,0
2014-11-11,0.573000,0.573000,0.573000,0.573000,0.571440,0
2014-11-12,0.556000,0.556000,0.556000,0.556000,0.554487,0
2014-11-13,0.559000,0.559000,0.559000,0.559000,0.557478,0
2014-11-14,0.591000,0.591000,0.591000,0.591000,0.589391,0
2014-11-17,0.566000,0.566000,0.566000,0.566000,0.564459,0
2014-11-18,0.565000,0.565000,0.565000,0.565000,0.563462,0
2014-11-19,0.559000,0.559000,0.559000,0.559000,0.557478,0
2014-11-20,0.548000,0.548000,0.548000,0.548000,0.546508,0
2014-11-21,0.550000,0.550000,0.550000,0.550000,0.548503,0
2014-11-24,0.560000,0.560000,0.560000,0.560000,0.558476,0
2014-11-25,0.553000,0.553000,0.553000,0.553000,0.551495,0
2014-11-26,0.559000,0.559000,0.559000,0.559000,0.557478,0
2014-11-28,0.568000,0.568000,0.568000,0.568000,0.566454,0
2014-12-01,0.557000,0.557000,0.557000,0.557000,0.555484,0
2014-12-02,0.560000,0.560000,0.560000,0.560000,0.558476,0
2014-12-03,0.583000,0.583000,0.583000,0.583000,0.581413,0
2014-12-04,0.586000,0.586000,0.586000,0.586000,0.584405,0
2014-12-05,0.564000,0.564000,0.564000,0.564000,0.562465,0
2014-12-08,0.550000,0.550000,0.550000,0.550000,0.548503,0
2014-12-09,0.530000,0.530000,0.530000,0.530000,0.528557,0
2014-12-10,0.537000,0.537000,0.537000,0.537000,0.535538,0
2014-12-11,0.524000,0.524000,0.524000,0.524000,0.522574,0
2014-12-12,0.511000,0.511000,0.511000,0.511000,0.509609,0
2014-12-15,0,0,0,0,0,0
2014-12-16,0,0,0,0,0,0
2014-12-17,0,0,0,0,0,0
2014-12-18,0,0,0,0,0,0
2014-12-19,0,0,0,0,0,0
2014-12-22,0,0,0,0,0,0
2014-12-23,0,0,0,0,0,0
2014-12-24,0,0,0,0,0,0
2014-12-26,0.514000,0.514000,0.514000,0.514000,0.512601,0
2014-12-29,0.516000,0.516000,0.516000,0.516000,0.514595,0
2014-12-30,0.527000,0.527000,0.527000,0.527000,0.525566,0
2014-12-31,0.527000,0.527000,0.527000,0.527000,0.525566,0
2015-01-02,0.528000,0.528000,0.528000,0.528000,0.526563,0
2015-01-05,0.542000,0.542000,0.542000,0.542000,0.540525,0
2015-01-06,0.533000,0.533000,0.533000,0.533000,0.531549,0
2015-01-07,0.515000,0.515000,0.515000,0.515000,0.513598,0
2015-01-08,0.519000,0.519000,0.519000,0.519000,0.517587,0
2015-01-09,0.516000,0.516000,0.516000,0.516000,0.514595,0
2015-01-12,0.509000,0.509000,0.509000,0.509000,0.507614,0
2015-01-13,0.506000,0.506000,0.506000,0.506000,0.504623,0
2015-01-14,0.508000,0.508000,0.508000,0.508000,0.506617,0
2015-01-15,0.510000,0.510000,0.510000,0.510000,0.508612,0
2015-01-16,0.512000,0.512000,0.512000,0.512000,0.510606,0
2015-01-20,0.523000,0.523000,0.523000,0.523000,0.521576,0
2015-01-21,0.556000,0.556000,0.556000,0.556000,0.554487,0
2015-01-22,0.526000,0.526000,0.526000,0.526000,0.524568,0
2015-01-23,0.521000,0.521000,0.521000,0.521000,0.519582,0
2015-01-26,0.613000,0.613000,0.613000,0.613000,0.611331,0
2015-01-27,0.529000,0.529000,0.529000,0.529000,0.527560,0
2015-01-28,0.528000,0.528000,0.528000,0.528000,0.526563,0
2015-01-29,0.523000,0.523000,0.523000,0.523000,0.521576,0
2015-01-30,0.514000,0.514000,0.514000,0.514000,0.512601,0
2015-02-02,0.514000,0.514000,0.514000,0.514000,0.512601,0
2015-02-03,0.517000,0.517000,0.517000,0.517000,0.515593,0
2015-02-04,0.525000,0.525000,0.525000,0.525000,0.523571,0
2015-02-05,0.524000,0.524000,0.524000,0.524000,0.522574,0
2015-02-06,0.523000,0.523000,0.523000,0.523000,0.521576,0
2015-02-09,0.524000,0.524000,0.524000,0.524000,0.522574,0
2015-02-10,0.529000,0.529000,0.529000,0.529000,0.527560,0
2015-02-11,0.520000,0.520000,0.520000,0.520000,0.518584,0
2015-02-12,0.518000,0.518000,0.518000,0.518000,0.516590,0
2015-02-13,0.521000,0.521000,0.521000,0.521000,0.519582,0
2015-02-17,0.520000,0.520000,0.520000,0.520000,0.518584,0
2015-02-18,0.534000,0.534000,0.534000,0.534000,0.532546,0
2015-02-19,0.534000,0.534000,0.534000,0.534000,0.532546,0
2015-02-20,0.535000,0.535000,0.535000,0.535000,0.533544,0
2015-02-23,0,0,0,0,0,0
2015-02-24,0,0,0,0,0,0
2015-02-25,0,0,0,0,0,0
2015-02-26,0,0,0,0,0,0
2015-02-27,0,0,0,0,0,0
2015-03-02,0,0,0,0,0,0
2015-03-03,0,0,0,0,0,0
2015-03-04,0,0,0,0,0,0
2015-03-05,0.682000,0.682000,0.682000,0.682000,0.680143,0
2015-03-06,0.678000,0.678000,0.678000,0.678000,0.676154,0
2015-03-09,0.676000,0.676000,0.676000,0.676000,0.674160,0
2015-03-10,0.662000,0.662000,0.662000,0.662000,0.660198,0
2015-03-11,0.641000,0.641000,0.641000,0.641000,0.639255,0
2015-03-12,0.689000,0.689000,0.689000,0.689000,0.687124,0
2015-03-13,0.689000,0.689000,0.689000,0.689000,0.687124,0
2015-03-16,0.689000,0.689000,0.689000,0.689000,0.687124,0
2015-03-17,0.701000,0.701000,0.701000,0.701000,0.699092,0
2015-03-18,0.700000,0.700000,0.700000,0.700000,0.698095,0
2015-03-19,0.684000,0.684000,0.684000,0.684000,0.682138,0
2015-03-20,0.740000,0.740000,0.740000,0.740000,0.737986,0
2015-03-23,0.744000,0.744000,0.744000,0.744000,0.741975,0
2015-03-24,22.400000,24.000000,22.400000,24.000000,23.934669,1100
2015-03-25,24.000000,24.000000,24.000000,24.000000,23.934669,300
2015-03-26,21.000000,21.180000,20.750000,21.000000,20.942835,910100
2015-03-27,21.000000,21.070000,20.750000,21.000000,20.942835,168100
2015-03-30,21.100000,21.100000,20.950001,21.000000,20.942835,38300
2015-03-31,21.059999,21.059999,20.860001,21.000000,20.942835,62900
2015-04-01,21.000000,21.000000,20.900000,21.000000,20.942835,44000
2015-04-02,20.950001,21.000000,20.900000,21.000000,20.942835,17300
2015-04-06,21.000000,21.000000,20.930000,21.000000,20.942835,58800
2015-04-07,20.950001,20.971001,20.910000,20.950001,20.892973,51100
2015-04-08,20.950001,21.000000,20.900000,21.000000,20.942835,53000
2015-04-09,21.000000,21.000000,20.950001,21.000000,20.942835,32300
2015-04-10,20.950001,21.000000,20.950001,21.000000,20.942835,33400
2015-04-13,21.000000,21.000000,20.910000,21.000000,20.942835,30600
2015-04-14,20.990000,21.000000,20.910000,21.000000,20.942835,55300
2015-04-15,20.959999,21.000000,20.900000,21.000000,20.942835,41600
2015-04-16,20.950001,21.000000,20.910000,21.000000,20.942835,39100
2015-04-17,20.950001,21.000000,20.950001,21.000000,20.942835,21800
2015-04-20,21.100000,21.100000,20.969999,21.000000,20.942835,40500
2015-04-21,21.280001,21.280001,20.920000,20.950001,20.892973,36200
2015-04-22,20.980000,20.990000,20.260000,20.420000,20.364414,32900
2015-04-23,20.320000,20.900000,20.320000,20.750000,20.693516,25100
2015-04-24,20.830000,20.980000,20.799999,20.900000,20.843107,19200
2015-04-27,20.990000,21.100000,20.799999,20.850000,20.793243,60900
2015-04-28,20.889999,20.900000,20.639999,20.670000,20.613733,27300
2015-04-29,20.600000,20.799999,20.575001,20.690001,20.633680,16100
2015-04-30,19.959999,20.820000,19.959999,20.540001,20.484089,24700
2015-05-01,20.480000,20.480000,19.250000,19.940001,19.885721,67800
2015-05-04,19.799999,19.879999,19.709999,19.790001,19.736130,15100
2015-05-05,19.760000,19.760000,19.650000,19.670000,19.616457,11200
2015-05-06,19.680000,19.840000,19.650000,19.700001,19.646376,18600
2015-05-07,19.299999,19.700001,19.299999,19.660000,19.606483,48200
2015-05-08,19.780001,20.160000,19.780001,20.150000,20.095148,167000
2015-05-11,20.000000,20.299999,19.950001,20.230000,20.174932,61900
2015-05-12,20.450001,20.670000,20.450001,20.500000,20.444197,16300
2015-05-13,20.400000,20.879999,19.860001,20.809999,20.753351,32500
2015-05-14,20.730000,20.900000,20.690001,20.900000,20.843107,62800
2015-05-15,20.900000,22.000000,20.850000,21.690001,21.630959,77200
2015-05-18,21.790001,22.100000,21.540001,21.760000,21.700768,99000
2015-05-19,21.830000,21.840000,21.320000,21.590000,21.531229,33000
2015-05-20,21.430000,21.930000,21.430000,21.879999,21.820438,67500
2015-05-21,21.930000,22.000000,21.620001,21.950001,21.890249,57300
2015-05-22,21.770000,22.400000,21.770000,22.080000,22.019897,70000
2015-05-26,22.010000,22.115000,21.860001,21.969999,21.910194,89200
2015-05-27,22.049999,22.160000,21.639999,21.969999,21.910194,51000
2015-05-28,21.870001,22.010000,21.830000,21.990000,21.930141,36200
2015-05-29,22.000000,22.020000,21.900000,22.020000,21.960060,38500
2015-06-01,22.020000,22.020000,21.420000,21.900000,21.840385,69700
2015-06-02,21.780001,22.000000,21.690001,21.900000,21.840385,41300
2015-06-03,21.840000,21.990000,21.825001,21.900000,21.840385,32000
2015-06-04,21.920000,21.969999,21.740000,21.870001,21.810467,21500
2015-06-05,21.770000,22.000000,21.490000,22.000000,21.940115,22900
2015-06-08,21.900000,22.100000,21.860001,22.030001,21.970034,65800
2015-06-09,22.030001,22.100000,22.000000,22.070000,22.009924,57100
2015-06-10,22.100000,22.250000,22.070000,22.170000,22.109652,100400
2015-06-11,22.170000,22.350000,22.170000,22.340000,22.279188,47800
2015-06-12,22.014000,23.100000,22.014000,23.040001,22.977283,49500
2015-06-15,23.000000,23.100000,22.469999,22.530001,22.468672,70900
2015-06-16,22.459999,22.860001,22.459999,22.639999,22.578371,26500
2015-06-17,22.600000,22.670000,22.410000,22.480000,22.418806,121000
2015-06-18,22.480000,22.639999,22.459999,22.469999,22.408834,37900
2015-06-19,22.580000,23.000000,21.670000,21.770000,21.710739,243200
2015-06-22,21.520000,22.740000,21.379999,22.370001,22.309107,40400
2015-06-23,22.250000,22.680000,21.879999,22.430000,22.368944,63800
2015-06-24,22.250000,22.940001,22.240000,22.580000,22.518534,64700
2015-06-25,22.940001,22.940001,22.600000,22.709999,22.648180,83300
2015-06-26,22.549999,22.900000,22.440001,22.750000,22.688072,434800
2015-06-29,22.559999,22.670000,22.540001,22.580000,22.518534,40000
2015-06-30,22.690001,22.950001,22.655001,22.940001,22.877556,22800
2015-07-01,23.000000,23.000000,22.799999,22.990000,22.927420,21100
2015-07-02,22.930000,23.660000,22.930000,23.290001,23.226603,98600
2015-07-06,23.350000,23.740000,23.000000,23.309999,23.246548,94800
2015-07-07,23.440001,23.440001,22.790001,22.889999,22.827692,70000
2015-07-08,22.850000,23.290001,22.719999,23.250000,23.186710,64900
2015-07-09,23.520000,23.520000,23.000000,23.090000,23.027147,28000
2015-07-10,23.090000,23.260000,23.000000,23.129999,23.067038,58500
2015-07-13,23.250000,23.730000,23.250000,23.520000,23.455976,41700
2015-07-14,23.730000,23.799999,23.580000,23.799999,23.735214,24000
2015-07-15,23.750000,23.750000,23.540001,23.719999,23.655430,38100
2015-07-16,23.840000,23.990000,23.716999,23.940001,23.874834,76300
2015-07-17,23.980000,24.020000,23.850000,24.020000,23.954617,23100
2015-07-20,23.990000,26.400000,23.822001,24.100000,24.034397,69000
2015-07-21,24.040001,24.150000,23.955000,24.040001,23.974562,35800
2015-07-22,24.160000,24.570000,24.000000,24.520000,24.453255,59200
2015-07-23,24.450001,24.629999,24.146999,24.379999,24.313635,58800
2015-07-24,24.400000,24.520000,23.830000,24.080000,24.014452,43300
2015-07-27,23.860001,24.049999,23.580000,23.900000,23.834942,21800
2015-07-28,24.020000,24.090000,23.670000,23.980000,23.914724,45800
2015-07-29,23.920000,24.100000,23.879999,24.000000,23.934669,45900
2015-07-30,24.030001,24.900000,23.520000,24.830000,24.762411,44700
2015-07-31,24.780001,25.260000,24.385000,25.240000,25.171293,51000
2015-08-03,25.160000,25.160000,23.350000,23.750000,23.685349,26100
2015-08-04,23.680000,24.820000,23.680000,24.180000,24.114180,27300
2015-08-05,24.309999,24.830000,23.780001,24.080000,24.014452,49100
2015-08-06,23.940001,24.400000,23.837999,23.959999,23.894777,36600
2015-08-07,23.820000,24.230000,23.440001,24.020000,23.954617,27500
2015-08-10,23.969999,24.115000,23.889999,24.030001,23.964588,28000
2015-08-11,23.870001,24.000000,23.540001,24.000000,23.934669,23800
2015-08-12,23.610001,23.980000,23.610001,23.830000,23.765133,33500
2015-08-13,23.480000,24.090000,23.230000,23.980000,23.914724,16600
2015-08-14,24.049999,24.049999,23.139999,23.959999,23.894777,8000
2015-08-17,23.950001,24.100000,23.320000,24.000000,23.934669,25200
2015-08-18,24.000000,24.000000,23.670000,23.980000,23.914724,19300
2015-08-19,23.600000,23.820000,23.280001,23.280001,23.216631,21900
2015-08-20,23.350000,23.350000,22.580000,22.920000,22.857611,31300
2015-08-21,22.000000,24.000000,21.500000,23.959999,23.894777,63800
2015-08-24,22.000000,24.000000,21.500000,23.020000,22.957338,25100
2015-08-25,23.440001,23.670000,22.100000,22.200001,22.139570,30100
2015-08-26,22.540001,22.540001,22.231001,22.500000,22.438753,15800
2015-08-27,22.680000,22.850000,22.440001,22.690001,22.628235,21100
2015-08-28,22.660000,23.309999,22.660000,23.280001,23.216631,8100
2015-08-31,23.010000,24.000000,23.010000,23.680000,23.615540,26600
2015-09-01,23.299999,23.344000,22.100000,22.219999,22.159515,42700
2015-09-02,22.530001,22.760000,22.270000,22.459999,22.398861,15800
2015-09-03,22.549999,22.790001,22.260000,22.330000,22.269215,12000
2015-09-04,22.350000,22.485001,22.120001,22.200001,22.139570,13100
2015-09-08,22.430000,22.430000,22.200001,22.430000,22.368944,28100
2015-09-09,22.430000,22.600000,22.299999,22.480000,22.418806,64400
2015-09-10,22.219999,22.420000,22.160000,22.379999,22.319078,24700
2015-09-11,22.309999,22.600000,22.100000,22.570000,22.508562,33400
2015-09-14,22.549999,22.610001,22.209999,22.500000,22.438753,10200
2015-09-15,22.410000,22.980000,22.190001,22.879999,22.817719,22700
2015-09-16,22.600000,23.450001,22.600000,23.320000,23.256519,80600
2015-09-17,23.517000,23.530001,22.799999,22.920000,22.857611,18800
2015-09-18,22.700001,23.049999,22.700001,23.000000,22.937393,23200
2015-09-21,22.889999,23.000000,22.830000,22.850000,22.787800,6700
2015-09-22,22.799999,22.910000,22.450001,22.660000,22.598316,10400
2015-09-23,22.750000,23.430000,22.610001,22.790001,22.727962,16400
2015-09-24,23.049999,23.330000,22.379999,23.020000,22.957338,18300
2015-09-25,23.180000,23.450001,22.520000,22.590000,22.528507,17500
2015-09-28,22.719999,22.820000,22.260000,22.480000,22.418806,13600
2015-09-29,22.790001,22.870001,22.420000,22.600000,22.538481,13700
2015-09-30,22.719999,22.719999,22.059999,22.350000,22.289162,27600
2015-10-01,22.180000,22.879999,21.790001,22.610001,22.548454,17800
2015-10-02,22.330000,22.400000,22.049999,22.280001,22.219353,10200
2015-10-05,22.370001,22.790001,22.299999,22.770000,22.708017,10400
2015-10-06,22.350000,23.370001,22.350000,23.129999,23.067038,27100
2015-10-07,23.080000,23.879999,23.080000,23.590000,23.525785,17000
2015-10-08,23.639999,23.690001,22.900000,23.150000,23.086983,19300
2015-10-09,23.190001,23.469999,23.170000,23.290001,23.226603,8500
2015-10-12,23.320000,23.469999,23.090000,23.309999,23.246548,21400
2015-10-13,23.270000,23.459999,23.059999,23.340000,23.276466,76400
2015-10-14,23.309999,23.490000,23.125000,23.180000,23.116901,2400
2015-10-15,23.180000,23.490000,23.000000,23.480000,23.416084,35500
2015-10-16,23.469999,23.535999,22.980000,23.459999,23.396139,18300
2015-10-19,23.200001,23.500000,23.030001,23.400000,23.336302,20000
2015-10-20,23.240000,23.719999,23.150000,23.580000,23.515812,31300
2015-10-21,23.709999,23.709999,23.450001,23.450001,23.386168,7000
2015-10-22,23.600000,23.680000,23.340000,23.600000,23.535759,9700
2015-10-23,23.639999,23.924999,23.330000,23.730000,23.665403,58400
2015-10-26,23.809999,23.980000,23.740000,23.940001,23.874834,44800
2015-10-27,23.900000,24.299999,23.680000,23.850000,23.785078,46900
2015-10-28,24.480000,26.180000,24.480000,26.090000,26.018980,221200
2015-10-29,26.170000,26.950001,26.170000,26.680000,26.607374,116300
2015-10-30,26.500000,27.000000,26.500000,26.809999,26.737020,78500
2015-11-02,27.000000,28.309999,26.830000,28.170000,28.093317,148400
2015-11-03,28.180000,29.700001,28.080000,28.490000,28.412447,86200
2015-11-04,28.410000,29.070000,28.188000,28.260000,28.183075,40500
2015-11-05,28.400000,28.860001,28.260000,28.709999,28.631847,43400
2015-11-06,28.709999,29.990000,28.709999,29.930000,29.848528,49800
2015-11-09,30.000000,30.889999,29.600000,29.620001,29.539371,91500
2015-11-10,29.480000,29.799999,29.370001,29.480000,29.399752,29000
2015-11-11,29.620001,30.000000,29.620001,29.959999,29.878445,174700
2015-11-12,29.889999,29.915001,29.299999,29.520000,29.439644,47200
2015-11-13,29.370001,29.600000,29.000000,29.030001,28.950977,26400
2015-11-16,28.910000,29.650000,28.410000,29.590000,29.509453,41900
2015-11-17,28.910000,29.969999,28.910000,29.450001,29.369835,56900
2015-11-18,29.629999,29.990000,29.209999,29.980000,29.898390,44400
2015-11-19,30.000000,30.000000,29.559999,29.780001,29.698936,23600
2015-11-20,29.959999,29.990000,29.450001,29.969999,29.888416,56800
2015-11-23,29.740000,31.160000,29.622999,31.000000,30.915615,154900
2015-11-24,31.000000,31.709999,31.000000,31.540001,31.454145,66500
2015-11-25,31.750000,33.220001,31.559999,32.830002,32.740635,107800
2015-11-27,33.009998,33.258999,32.340000,32.759998,32.670822,46800
2015-11-30,32.840000,32.840000,32.119999,32.500000,32.411530,30300
2015-12-01,32.459999,32.459999,31.520000,32.000000,31.912893,72600
2015-12-02,32.049999,32.049999,31.500000,31.950001,31.863029,41800
2015-12-03,31.780001,32.090000,31.270000,31.340000,31.254690,37700
2015-12-04,31.370001,31.750000,31.059999,31.200001,31.115072,46000
2015-12-07,31.309999,31.400000,29.799999,30.260000,30.177629,69000
2015-12-08,30.090000,30.570000,29.830000,30.110001,30.028038,24100
2015-12-09,29.370001,30.600000,29.370001,30.280001,30.197577,46200
2015-12-10,30.200001,30.844999,30.049999,30.320000,30.237467,19000
2015-12-11,29.879999,30.170000,28.680000,29.129999,29.050703,58900
2015-12-14,28.610001,29.299999,28.610001,29.209999,29.130487,67700
2015-12-15,29.580000,33.250000,29.570000,31.700001,31.613708,98500
2015-12-16,31.639999,32.740002,31.427000,32.320000,32.232021,69600
2015-12-17,32.340000,32.340000,31.212000,31.830000,31.743355,66300
2015-12-18,31.840000,31.980000,31.000000,31.020000,30.935562,44300
2015-12-21,31.020000,31.780001,30.940001,31.660000,31.573818,20100
2015-12-22,31.940001,31.940001,30.905001,31.320000,31.234743,36600
2015-12-23,31.510000,31.780001,30.809999,30.969999,30.885696,45400
2015-12-24,31.000000,31.150000,30.799999,31.040001,30.955507,23200
2015-12-28,30.830000,31.018000,30.670000,30.990000,30.905643,12800
2015-12-29,30.879999,32.080002,30.879999,31.940001,31.853058,62600
2015-12-30,31.690001,32.950001,31.541000,32.830002,32.740635,50200
2015-12-31,32.830002,32.830002,31.150000,31.379999,31.294580,26600
2016-01-04,30.840000,31.620001,29.540001,30.860001,30.775995,52200
2016-01-05,30.900000,31.000000,29.570000,30.830000,30.746077,44000
2016-01-06,30.139999,30.770000,29.900000,30.650000,30.566566,17600
2016-01-07,30.000000,30.400000,29.000000,29.610001,29.529400,56900
2016-01-08,29.809999,29.840000,27.660000,27.969999,27.893862,62700
2016-01-11,27.799999,28.790001,27.610001,28.700001,28.621876,49400
2016-01-12,28.910000,29.230000,28.570999,29.170000,29.090597,45300
2016-01-13,29.170000,29.360001,27.500000,28.049999,27.973644,51200
2016-01-14,28.790001,28.790001,27.836000,27.990000,27.913807,18900
2016-01-15,27.309999,28.018999,26.889999,27.430000,27.355333,41700
2016-01-19,27.459999,27.459999,26.500000,27.090000,27.016258,30800
2016-01-20,26.590000,28.340000,26.590000,28.209999,28.133207,48600
2016-01-21,28.350000,28.900000,27.670000,28.620001,28.542095,56600
2016-01-22,29.000000,29.170000,28.180000,28.549999,28.472284,36800
2016-01-25,28.500000,28.809999,28.190001,28.510000,28.432394,55100
2016-01-26,28.730000,29.000000,28.309999,28.590000,28.512175,32200
2016-01-27,28.500000,28.610001,25.770000,26.620001,26.547539,110000
2016-01-28,26.850000,27.572001,26.510000,26.830000,26.756966,65900
2016-01-29,26.730000,27.850000,26.730000,27.820000,27.744270,28400
2016-02-01,27.510000,27.719999,26.959999,27.090000,27.016258,44800
2016-02-02,26.790001,26.790001,26.219999,26.230000,26.158598,50000
2016-02-03,26.510000,26.687000,25.549999,25.570000,25.500397,43500
2016-02-04,25.570000,26.459999,25.570000,25.950001,25.879362,62900
2016-02-05,25.950001,25.950001,24.719999,24.830000,24.762411,22500
2016-02-08,24.760000,24.760000,23.910000,24.330000,24.263771,72000
2016-02-09,24.160000,24.790001,24.065001,24.510000,24.443281,19200
2016-02-10,24.770000,27.000000,24.730000,26.990000,26.916531,90500
2016-02-11,26.450001,26.450001,24.360001,25.309999,25.241102,49100
2016-02-12,25.420000,25.940001,22.830000,25.400000,25.330858,42700
2016-02-16,25.639999,26.730000,25.520000,25.600000,25.530315,21700
2016-02-17,25.930000,25.930000,25.450001,25.570000,25.500397,15200
2016-02-18,25.430000,25.629999,24.700001,24.850000,24.782356,28500
2016-02-19,24.690001,25.900000,24.559999,25.719999,25.649988,47400
2016-02-22,25.969999,26.315001,25.514000,26.070000,25.999035,34800
2016-02-23,26.110001,26.110001,25.170000,25.530001,25.460505,27500
2016-02-24,25.190001,25.639999,24.610001,25.620001,25.550261,27000
2016-02-25,25.500000,25.670000,25.231001,25.660000,25.590151,11300
2016-02-26,25.389999,27.150000,25.160000,27.120001,27.046177,38200
2016-02-29,27.170000,27.600000,27.049999,27.469999,27.395224,47800
2016-03-01,27.459999,27.995001,27.299999,27.860001,27.784163,24500
2016-03-02,27.690001,28.080000,27.110001,27.820000,27.744270,29400
2016-03-03,27.650000,28.110001,27.650000,27.980000,27.903835,36700
2016-03-04,27.950001,28.209999,27.510000,27.730000,27.654516,54700
2016-03-07,27.600000,28.250000,27.469999,27.900000,27.824053,38500
2016-03-08,27.209999,27.653999,26.490000,26.940001,26.866667,31500
2016-03-09,26.940001,27.049999,26.379999,26.950001,26.876640,22900
2016-03-10,26.950001,27.100000,26.059999,26.490000,26.417892,11100
2016-03-11,26.780001,27.040001,26.490000,26.830000,26.756966,16200
2016-03-14,26.818001,26.818001,26.360001,26.620001,26.547539,7400
2016-03-15,26.680000,26.680000,25.770000,25.969999,25.899307,18600
2016-03-16,25.950001,26.490000,25.950001,26.230000,26.158598,23100
2016-03-17,26.049999,26.730000,25.900000,26.620001,26.547539,38700
2016-03-18,26.740000,27.150000,26.740000,27.150000,27.076094,27400
2016-03-21,27.000000,27.100000,26.367001,26.860001,26.786884,15500
2016-03-22,26.600000,28.670000,26.600000,28.299999,28.222965,84400
2016-03-23,28.020000,28.020000,26.799999,26.910000,26.836748,39500
2016-03-24,26.280001,27.160000,26.190001,27.040001,26.966394,28900
2016-03-28,27.299999,28.000000,26.969999,27.860001,27.784163,35100
2016-03-29,27.410000,28.469999,27.410000,28.350000,28.272829,25700
2016-03-30,28.350000,29.030001,27.000000,27.120001,27.046177,41700
2016-03-31,27.280001,27.299999,26.110001,27.000000,26.926502,46900
2016-04-01,26.900000,27.129999,26.459999,26.969999,26.896584,11500
2016-04-04,26.980000,27.780001,26.690001,27.459999,27.385250,41100
2016-04-05,27.690001,27.690001,26.690001,26.809999,26.737020,36900
2016-04-06,26.780001,27.020000,25.750000,25.910000,25.839470,25500
2016-04-07,25.680000,25.680000,24.802000,25.070000,25.001757,25700
2016-04-08,25.340000,25.410000,25.010000,25.100000,25.031675,18600
2016-04-11,25.160000,26.250000,25.160000,26.080000,26.009007,32500
2016-04-12,25.870001,26.900000,25.770000,26.670000,26.597403,37200
2016-04-13,26.799999,27.500000,26.299999,27.250000,27.175821,30200
2016-04-14,27.299999,27.950001,27.059999,27.270000,27.195768,23700
2016-04-15,27.360001,27.690001,27.049999,27.370001,27.295498,25400
2016-04-18,27.000000,27.750000,26.980000,27.469999,27.395224,41800
2016-04-19,27.370001,28.000000,27.370001,27.750000,27.674461,23900
2016-04-20,27.920000,27.969999,27.351000,27.700001,27.624599,18800
2016-04-21,27.840000,27.940001,27.320000,27.500000,27.425142,17200
2016-04-22,27.530001,28.299999,27.370001,28.170000,28.093317,21600
2016-04-25,28.120001,28.280001,27.601999,28.100000,28.023508,19800
2016-04-26,28.150000,28.410000,27.799999,27.860001,27.784163,38500
2016-04-27,28.049999,30.990000,28.010000,30.959999,30.875723,142100
2016-04-28,30.590000,30.799999,29.990000,30.129999,30.047983,55900
2016-04-29,30.100000,30.600000,29.500000,30.340000,30.257412,66800
2016-05-02,30.510000,30.790001,30.340000,30.480000,30.397030,62900
2016-05-03,30.299999,30.700001,30.250000,30.290001,30.207548,32800
2016-05-04,30.180000,30.629999,29.605000,29.799999,29.718880,23900
2016-05-05,29.820000,29.820000,29.379999,29.530001,29.449617,35500
2016-05-06,29.600000,30.280001,29.600000,29.830000,29.748798,17500
2016-05-09,31.299999,32.349998,30.209999,31.969999,31.882975,127400
2016-05-10,32.250000,32.250000,31.888000,31.969999,31.882975,41800
2016-05-11,31.950001,31.964001,30.000000,30.150000,30.067928,121400
2016-05-12,30.150000,30.906000,29.850000,30.010000,29.928308,104300
2016-05-13,30.040001,30.299999,29.940001,30.000000,29.918337,62300
2016-05-16,30.250000,30.500000,29.920000,30.000000,29.918337,97000
2016-05-17,29.990000,30.170000,28.750000,29.010000,28.931032,50900
2016-05-18,28.920000,30.000000,28.920000,29.940001,29.858500,42800
2016-05-19,29.830000,30.070000,29.030001,29.990000,29.908363,33000
2016-05-20,30.070000,30.340000,29.420000,30.180000,30.097847,131700
2016-05-23,30.480000,30.740000,30.020000,30.110001,30.028038,99600
2016-05-24,30.250000,31.240000,30.190001,31.010000,30.925589,65200
2016-05-25,31.000000,32.000000,29.990000,31.990000,31.902920,70500
2016-05-26,32.000000,32.000000,31.010000,31.129999,31.045261,27300
2016-05-27,31.299999,31.430000,30.809999,31.000000,30.915615,53800
2016-05-31,31.000000,31.459999,30.629999,31.000000,30.915615,61200
2016-06-01,30.900000,31.230000,30.809999,31.000000,30.915615,74400
2016-06-02,30.840000,31.475000,30.799999,31.360001,31.274635,109200
2016-06-03,31.120001,31.530001,30.400000,31.160000,31.075180,49100
2016-06-06,31.330000,32.740002,31.330000,32.169998,32.082428,76700
2016-06-07,32.290001,32.610001,32.005001,32.049999,31.962757,45100
2016-06-08,32.180000,32.659000,31.870001,32.490002,32.401562,37000
2016-06-09,32.209999,32.549999,31.969999,32.369999,32.281883,27600
2016-06-10,32.160000,32.529999,32.040001,32.080002,31.992676,29100
2016-06-13,31.719999,32.005001,31.139000,31.280001,31.194853,31400
2016-06-14,31.000000,31.580000,31.000000,31.430000,31.344444,55500
2016-06-15,31.450001,31.910000,31.080000,31.629999,31.543898,56900
2016-06-16,31.410000,31.850000,31.000000,31.790001,31.703465,46100
2016-06-17,31.879999,32.476002,31.360001,31.570000,31.484062,69400
2016-06-20,32.139999,32.590000,31.684999,31.860001,31.773275,43600
2016-06-21,31.860001,33.169998,31.264999,32.700001,32.610989,175900
2016-06-22,32.910000,33.000000,32.259998,32.290001,32.202103,73000
2016-06-23,32.950001,33.529999,32.731998,33.139999,33.049786,120000
2016-06-24,31.750000,32.970001,31.750000,32.410000,32.321777,517600
2016-06-27,32.410000,32.470001,31.270000,31.680000,31.593763,107700
2016-06-28,32.290001,32.490002,31.840000,32.270000,32.182159,65200
2016-06-29,31.809999,32.189999,30.360001,30.450001,30.367113,108800
2016-06-30,30.430000,31.360001,30.430000,31.360001,31.274635,76800
2016-07-01,31.400000,31.750000,30.770000,30.940001,30.855778,74700
2016-07-05,31.150000,31.333000,29.900000,30.230000,30.147711,62900
2016-07-06,29.980000,30.480000,29.980000,30.209999,30.127766,38100
2016-07-07,30.270000,30.559999,29.965000,30.230000,30.147711,49100
2016-07-08,30.670000,31.490000,30.670000,31.420000,31.334471,70500
2016-07-11,31.870001,32.209999,31.400000,31.889999,31.803192,70100
2016-07-12,32.009998,32.889999,31.992001,32.500000,32.411530,57200
2016-07-13,32.509998,32.860001,32.070000,32.439999,32.351692,63500
2016-07-14,32.889999,33.000000,32.476002,32.810001,32.720688,50500
2016-07-15,33.049999,33.150002,32.669998,32.840000,32.750607,28300
2016-07-18,32.959999,33.240002,32.610001,32.709999,32.620956,27900
2016-07-19,32.529999,32.860001,32.220001,32.860001,32.770550,27600
2016-07-20,32.900002,33.130001,32.209999,32.349998,32.261940,58300
2016-07-21,32.500000,32.500000,31.700001,31.959999,31.873001,27900
2016-07-22,32.139999,32.418999,31.790001,32.200001,32.112350,36300
2016-07-25,32.330002,32.578999,31.910000,32.130001,32.042542,50800
2016-07-26,32.220001,32.740002,31.680000,31.809999,31.723408,90800
2016-07-27,33.000000,34.404999,33.000000,34.000000,33.907448,258200
2016-07-28,33.799999,34.099998,33.450001,33.599998,33.508537,99700
2016-07-29,33.709999,34.099998,33.599998,33.880001,33.787777,91200
2016-08-01,33.889999,33.889999,32.680000,32.860001,32.770550,67100
2016-08-02,32.970001,32.970001,32.180000,32.490002,32.401562,49900
2016-08-03,32.590000,32.650002,32.139999,32.270000,32.182159,36300
2016-08-04,32.270000,32.860001,32.040001,32.410000,32.321777,53400
2016-08-05,32.730000,33.500000,32.730000,33.490002,33.398838,28300
2016-08-08,33.500000,33.779999,33.230000,33.340000,33.249249,35100
2016-08-09,33.290001,33.750000,32.930000,33.560001,33.468647,32700
2016-08-10,33.490002,33.759998,33.020000,33.619999,33.528484,44000
2016-08-11,33.610001,33.759998,33.400002,33.509998,33.418781,26200
2016-08-12,33.340000,33.340000,32.660000,33.060001,32.970009,16500
2016-08-15,33.110001,33.389999,32.660000,33.139999,33.049786,54200
2016-08-16,33.000000,33.380001,32.840000,33.220001,33.129574,26000
2016-08-17,33.340000,33.888000,33.006001,33.389999,33.299110,22800
2016-08-18,33.520000,33.520000,32.950001,33.000000,32.910168,17500
2016-08-19,33.009998,33.039001,32.695000,32.779999,32.690765,24800
2016-08-22,32.919998,32.950001,32.410999,32.630001,32.541180,24900
2016-08-23,32.840000,32.840000,32.310001,32.360001,32.271912,22100
2016-08-24,32.349998,33.389999,32.160000,32.889999,32.800468,66800
2016-08-25,32.910000,33.500000,32.720001,33.470001,33.378895,26900
2016-08-26,33.439999,33.610001,33.160000,33.580002,33.488594,27200
2016-08-29,33.570000,34.595001,33.570000,34.419998,34.326302,58200
2016-08-30,34.500000,35.000000,34.450001,34.950001,34.854862,43400
2016-08-31,34.990002,34.990002,34.560001,34.750000,34.655407,21300
2016-09-01,34.720001,35.000000,34.169998,34.509998,34.416058,20900
2016-09-02,34.466000,34.970001,34.466000,34.970001,34.874809,20200
2016-09-06,35.000000,36.424999,34.799999,36.240002,36.141354,172700
2016-09-07,36.240002,36.790001,36.090000,36.650002,36.550236,129300
2016-09-08,36.779999,37.340000,36.436001,37.250000,37.148602,75600
2016-09-09,37.029999,37.500000,37.000000,37.250000,37.148602,99600
2016-09-12,37.189999,37.790001,36.880001,37.750000,37.647240,59000
2016-09-13,37.270000,37.445000,36.639999,36.709999,36.610069,49700
2016-09-14,36.779999,37.160000,36.340000,36.500000,36.400642,37600
2016-09-15,36.500000,37.209999,36.009998,36.849998,36.749691,80700
2016-09-16,36.900002,37.560001,36.389999,36.900002,36.799557,224800
2016-09-19,37.160000,37.320000,36.660000,36.759998,36.659931,25500
2016-09-20,36.980000,37.029999,36.450001,36.549999,36.450504,23200
2016-09-21,36.580002,37.060001,36.430000,36.720001,36.620045,22900
2016-09-22,36.720001,37.139999,36.595001,37.119999,37.018955,36200
2016-09-23,36.880001,37.279999,36.840000,37.209999,37.108711,20400
2016-09-26,36.930000,37.049999,36.490002,36.639999,36.540260,27200
2016-09-27,36.570000,37.209999,36.490002,37.009998,36.909256,35900
2016-09-28,37.110001,37.480000,37.009998,37.349998,37.248329,44000
2016-09-29,37.349998,37.529999,36.430000,36.820000,36.719772,33100
2016-09-30,37.049999,37.770000,36.889999,37.400002,37.298195,51100
2016-10-03,37.400002,37.660000,36.709999,36.959999,36.859390,37900
2016-10-04,37.189999,37.529999,36.700001,36.939999,36.839447,41500
2016-10-05,36.919998,37.689999,36.880001,37.599998,37.497646,70100
2016-10-06,37.680000,37.688999,36.759998,36.980000,36.879337,33500
2016-10-07,37.099998,37.230000,36.549999,36.880001,36.779610,53200
2016-10-10,37.020000,37.360001,36.709999,37.000000,36.899284,58500
2016-10-11,36.970001,37.209999,36.569000,36.910000,36.809528,52500
2016-10-12,36.830002,37.189999,36.529999,36.860001,36.759666,34600
2016-10-13,36.520000,36.540001,35.759998,35.810001,35.712524,51400
2016-10-14,36.130001,36.259998,35.790001,35.860001,35.762386,35100
2016-10-17,35.849998,35.950001,35.450001,35.549999,35.453228,47200
2016-10-18,35.799999,35.849998,35.049999,35.500000,35.403366,29900
2016-10-19,34.650002,35.450001,32.950001,34.000000,33.907448,141800
2016-10-20,33.849998,33.849998,32.400002,32.599998,32.511257,142000
2016-10-21,32.349998,32.549999,31.750000,31.799999,31.713436,85600
2016-10-24,30.250000,32.400002,29.850000,32.349998,32.261940,165300
2016-10-25,32.250000,32.494999,32.049999,32.250000,32.162212,30000
2016-10-26,32.049999,33.703999,32.049999,32.750000,32.660851,92200
2016-10-27,33.150002,33.240002,32.005001,32.099998,32.012619,101200
2016-10-28,32.150002,32.150002,31.250000,31.650000,31.563845,65600
2016-10-31,31.700001,32.849998,31.650000,32.599998,32.511257,65000
2016-11-01,32.750000,32.750000,31.400000,31.600000,31.513981,51100
2016-11-02,31.600000,31.605000,30.700001,30.700001,30.616432,47700
2016-11-03,30.600000,31.400000,30.600000,31.299999,31.214798,54000
2016-11-04,31.150000,31.600000,31.049999,31.049999,30.965479,32400
2016-11-07,31.450001,31.650000,31.049999,31.549999,31.464117,62400
2016-11-08,31.400000,31.400000,30.600000,30.900000,30.815886,59000
2016-11-09,30.650000,32.849998,30.650000,32.849998,32.760574,70400
2016-11-10,32.950001,35.500000,32.900002,35.400002,35.303638,82700
2016-11-11,35.200001,35.900002,33.950001,34.000000,33.907448,132100
2016-11-14,34.400002,35.000000,33.875000,34.700001,34.605541,91400
2016-11-15,34.400002,36.000000,34.400002,35.950001,35.852142,72700
2016-11-16,33.049999,34.099998,32.599998,33.799999,33.707993,833900
2016-11-17,33.500000,34.799999,33.150002,34.500000,34.406086,182900
2016-11-18,33.750000,34.599998,33.750000,34.349998,34.256493,150000
2016-11-21,34.400002,35.000000,34.299999,35.000000,34.904728,130900
2016-11-22,35.000000,36.700001,35.000000,36.150002,36.051598,194500
2016-11-23,36.250000,37.750000,36.000000,37.500000,37.397923,160500
2016-11-25,37.450001,38.000000,37.099998,37.099998,36.999008,114300
2016-11-28,37.000000,37.549999,36.849998,37.450001,37.348057,101700
2016-11-29,37.400002,38.250000,37.349998,37.650002,37.547516,135900
2016-11-30,37.900002,38.099998,37.450001,37.750000,37.647240,124800
2016-12-01,38.049999,38.849998,37.450001,37.750000,37.647240,149800
2016-12-02,37.700001,37.750000,37.060001,37.549999,37.447784,72700
2016-12-05,37.799999,38.099998,37.599998,37.950001,37.846695,65300
2016-12-06,38.000000,38.799999,37.950001,38.750000,38.644520,82500
2016-12-07,39.000000,39.174999,38.465000,38.950001,38.843975,46300
2016-12-08,39.200001,39.950001,38.513000,39.900002,39.791389,72700
2016-12-09,39.750000,40.250000,39.450001,40.049999,39.940979,101300
2016-12-12,40.000000,40.000000,38.849998,39.200001,39.093296,72000
2016-12-13,39.200001,40.450001,38.305000,39.700001,39.591934,155800
2016-12-14,39.099998,39.549999,38.105000,38.950001,38.843975,88000
2016-12-15,39.099998,40.650002,38.799999,39.950001,39.841251,140600
2016-12-16,39.950001,40.200001,39.200001,39.299999,39.193020,383100
2016-12-19,39.299999,39.950001,39.250000,39.650002,39.542068,75700
2016-12-20,40.000000,40.500000,39.250000,40.200001,40.090572,203900
2016-12-21,40.250000,41.549999,39.599998,41.000000,40.888393,167700
2016-12-22,40.650002,41.250000,40.555000,41.000000,40.888393,76700
2016-12-23,41.049999,41.250000,40.650002,40.849998,40.738800,111400
2016-12-27,40.650002,42.150002,40.650002,42.049999,41.935532,92100
2016-12-28,42.099998,42.549999,41.500000,42.400002,42.284584,84900
2016-12-29,42.349998,42.799999,41.549999,41.849998,41.736076,72300
2016-12-30,41.650002,42.049999,41.575001,41.849998,41.736076,47300
2017-01-03,42.599998,42.599998,41.099998,41.549999,41.436893,141700
2017-01-04,41.599998,41.799999,41.250000,41.500000,41.387032,69000
2017-01-05,41.400002,41.750000,39.750000,40.849998,40.738800,54300
2017-01-06,40.950001,41.099998,40.549999,41.049999,40.938259,42800
2017-01-09,40.549999,40.849998,39.200001,40.150002,40.040707,134600
2017-01-10,40.000000,40.950001,40.000000,40.849998,40.738800,71900
2017-01-11,40.700001,41.099998,39.522999,41.099998,40.988121,47600
2017-01-12,40.700001,40.849998,39.549999,40.299999,40.190296,34700
2017-01-13,40.599998,41.049999,40.299999,40.599998,40.489483,41200
2017-01-17,40.049999,40.049999,39.049999,39.599998,39.492203,76200
2017-01-18,39.849998,40.250000,39.200001,39.950001,39.841251,18100
2017-01-19,39.900002,40.500000,39.750000,40.000000,39.891113,60900
2017-01-20,40.000000,40.400002,39.200001,40.250000,40.140434,88600
2017-01-23,39.750000,40.549999,39.750000,40.500000,40.389755,60700
2017-01-24,40.700001,41.450001,40.400002,41.299999,41.187576,67000
2017-01-25,40.900002,41.950001,39.075001,40.150002,40.040707,218700
2017-01-26,40.200001,40.352001,39.599998,40.200001,40.090572,101100
2017-01-27,40.150002,40.150002,39.250000,39.349998,39.242886,103500
2017-01-30,38.849998,39.599998,37.700001,38.200001,38.096016,96200
2017-01-31,38.200001,39.000000,38.200001,38.549999,38.445061,86600
2017-02-01,38.750000,39.349998,38.099998,38.349998,38.245605,57700
2017-02-02,38.049999,38.299999,37.099998,37.549999,37.447784,42800
2017-02-03,38.049999,38.500000,37.849998,38.400002,38.295471,32500
2017-02-06,37.950001,38.450001,37.599998,37.650002,37.547516,23400
2017-02-07,37.849998,38.099998,37.410000,37.799999,37.697102,54100
2017-02-08,37.599998,37.750000,37.404999,37.549999,37.447784,77700
2017-02-09,37.549999,38.445000,37.450001,37.799999,37.697102,35900
2017-02-10,37.849998,38.450001,37.700001,38.450001,38.345333,38000
2017-02-13,38.650002,39.244999,38.650002,38.950001,38.843975,34700
2017-02-14,39.049999,39.750000,38.849998,39.599998,39.492203,85300
2017-02-15,39.599998,39.700001,39.150002,39.650002,39.542068,38100
2017-02-16,39.599998,39.900002,39.450001,39.799999,39.691658,30200
2017-02-17,39.450001,39.700001,39.355000,39.549999,39.442341,33800
2017-02-21,39.700001,39.750000,39.099998,39.250000,39.143158,42500
2017-02-22,39.250000,39.549999,39.000000,39.400002,39.292751,27000
2017-02-23,39.500000,39.500000,38.692001,39.200001,39.093296,28200
2017-02-24,38.799999,39.349998,38.750000,39.049999,38.943703,38500
2017-02-27,39.099998,39.650002,39.099998,39.450001,39.342613,32300
2017-02-28,39.349998,39.500000,39.150002,39.400002,39.292751,52600
2017-03-01,39.750000,40.286999,39.599998,40.200001,40.090572,83600
2017-03-02,40.150002,40.299999,39.174999,39.250000,39.143158,46200
2017-03-03,39.250000,39.450001,38.849998,39.099998,38.993565,20100
2017-03-06,38.700001,38.950001,38.299999,38.450001,38.345333,31200
2017-03-07,38.400002,38.400002,38.000000,38.000000,37.896561,21100
2017-03-08,38.400002,38.778999,38.250000,38.299999,38.195740,38700
2017-03-09,38.349998,38.750000,37.950001,38.000000,37.896561,20800
2017-03-10,38.250000,38.250000,37.099998,37.750000,37.647240,36400
2017-03-13,37.700001,38.250000,37.599998,37.599998,37.497646,16600
2017-03-14,37.500000,37.549999,37.005001,37.299999,37.198467,28800
2017-03-15,37.500000,37.799999,37.099998,37.650002,37.547516,31100
2017-03-16,37.750000,38.200001,37.750000,38.099998,37.996284,30900
2017-03-17,38.099998,38.500000,37.805000,38.500000,38.395199,125000
2017-03-20,38.349998,38.450001,38.000000,38.150002,38.046154,26600
2017-03-21,38.349998,38.349998,36.549999,36.750000,36.649960,65900
2017-03-22,36.700001,36.700001,35.849998,36.049999,35.951866,69800
2017-03-23,36.000000,36.799999,35.849998,36.299999,36.201187,31900
2017-03-24,36.400002,36.950001,35.750000,36.849998,36.749691,51000
2017-03-27,36.299999,37.200001,36.005001,36.799999,36.699829,66000
2017-03-28,36.750000,37.549999,36.750000,37.349998,37.248329,48300
2017-03-29,37.200001,37.799999,37.200001,37.500000,37.397923,37300
2017-03-30,37.500000,38.849998,37.500000,38.750000,38.644520,33700
2017-03-31,38.750000,38.950001,38.500000,38.750000,38.644520,57800
2017-04-03,39.000000,39.000000,38.099998,38.650002,38.544792,41100
2017-04-04,38.349998,38.799999,37.900002,38.700001,38.594658,52200
2017-04-05,38.700001,39.400002,37.400002,37.599998,37.497646,87600
2017-04-06,37.700001,38.799999,37.500000,38.700001,38.594658,70000
2017-04-07,38.349998,38.849998,38.174999,38.450001,38.345333,45200
2017-04-10,38.450001,38.650002,37.799999,37.950001,37.846695,47000
2017-04-11,37.799999,38.625000,37.799999,38.500000,38.395199,45700
2017-04-12,38.349998,38.400002,37.500000,37.849998,37.746967,40300
2017-04-13,37.700001,38.200001,37.250000,37.349998,37.248329,41400
2017-04-17,37.500000,37.950001,37.049999,37.849998,37.746967,46800
2017-04-18,37.549999,38.250000,37.299999,38.099998,37.996284,45500
2017-04-19,38.250000,38.500000,37.799999,37.849998,37.746967,69300
2017-04-20,38.200001,38.549999,37.400002,38.000000,37.896561,91900
2017-04-21,37.849998,38.575001,37.799999,38.400002,38.295471,40800
2017-04-24,39.299999,39.799999,38.250000,39.049999,38.943703,58500
2017-04-25,39.400002,39.750000,38.849998,38.900002,38.794113,53000
2017-04-26,38.799999,39.299999,38.200001,38.500000,38.395199,110100
2017-04-27,38.599998,40.000000,38.599998,39.599998,39.492203,82500
2017-04-28,39.799999,40.900002,39.750000,40.549999,40.439621,114200
2017-05-01,40.700001,43.750000,40.500000,43.299999,43.182133,167500
2017-05-02,43.299999,43.500000,42.400002,43.250000,43.132267,160900
2017-05-03,43.049999,43.349998,42.549999,42.750000,42.633629,134900
2017-05-04,42.900002,43.200001,42.650002,42.849998,42.733356,72100
2017-05-05,42.950001,43.500000,42.400002,43.400002,43.281860,82300
2017-05-08,43.400002,43.849998,43.150002,43.750000,43.630905,62000
2017-05-09,43.750000,44.299999,42.950001,43.299999,43.182133,63300
2017-05-10,43.200001,43.299999,41.950001,42.000000,41.885670,48000
2017-05-11,41.849998,41.849998,40.860001,41.549999,41.436893,59000
2017-05-12,41.299999,41.299999,40.599998,40.750000,40.639076,88800
2017-05-15,40.750000,41.200001,40.349998,40.799999,40.688938,72500
2017-05-16,40.950001,41.125000,39.950001,41.000000,40.888393,78700
2017-05-17,40.250000,40.299999,39.200001,39.900002,39.791389,75400
2017-05-18,39.900002,40.650002,39.900002,40.200001,40.090572,42400
2017-05-19,40.400002,40.900002,40.000000,40.200001,40.090572,73700
2017-05-22,40.150002,40.500000,40.150002,40.299999,40.190296,23100
2017-05-23,40.500000,40.900002,40.200001,40.599998,40.489483,29600
2017-05-24,40.599998,41.099998,39.650002,40.000000,39.891113,31800
2017-05-25,40.400002,40.500000,39.500000,39.799999,39.691658,19200
2017-05-26,40.000000,40.000000,39.150002,39.700001,39.591934,44800
2017-05-30,39.549999,39.599998,38.849998,39.299999,39.193020,31600
2017-05-31,39.349998,39.469002,38.349998,39.000000,38.893841,133300
2017-06-01,39.049999,40.099998,38.799999,40.099998,39.990841,46200
2017-06-02,39.900002,41.150002,39.900002,40.250000,40.140434,74600
2017-06-05,40.150002,40.500000,39.799999,40.200001,40.090572,35500
2017-06-06,39.849998,40.250000,39.650002,39.799999,39.691658,30600
2017-06-07,39.799999,40.380001,39.750000,40.200001,40.090572,19500
2017-06-08,40.049999,41.500000,39.950001,40.549999,40.439621,61500
2017-06-09,40.700001,42.000000,40.650002,41.799999,41.686214,88800
2017-06-12,41.950001,42.500000,41.299999,41.700001,41.586487,95000
2017-06-13,42.000000,42.099998,41.599998,41.700001,41.586487,52400
2017-06-14,41.299999,42.099998,40.799999,42.000000,41.885670,62800
2017-06-15,41.849998,42.650002,41.650002,41.950001,41.835808,31300
2017-06-16,41.549999,41.849998,41.250000,41.349998,41.237438,80100
2017-06-19,41.650002,41.750000,41.200001,41.450001,41.337170,24200
2017-06-20,41.049999,41.150002,40.650002,40.650002,40.539349,28900
2017-06-21,40.650002,40.650002,40.000000,40.000000,39.891113,31500
2017-06-22,40.000000,40.150002,39.450001,39.650002,39.542068,138400
2017-06-23,39.650002,39.950001,39.400002,39.650002,39.542068,82600
2017-06-26,39.650002,40.349998,39.400002,40.349998,40.240158,37700
2017-06-27,40.549999,40.950001,40.174999,40.500000,40.389755,30300
2017-06-28,40.799999,41.400002,40.500000,41.049999,40.938259,46200
2017-06-29,41.750000,42.099998,41.099998,41.950001,41.835808,49200
2017-06-30,42.099998,42.200001,40.950001,41.250000,41.137714,33600
2017-07-03,41.299999,42.150002,41.299999,41.900002,41.785946,16800
2017-07-05,41.849998,42.049999,41.150002,41.849998,41.736076,40800
2017-07-06,41.799999,41.849998,40.950001,41.049999,40.938259,30600
2017-07-07,41.299999,41.849998,40.950001,41.700001,41.586487,29300
2017-07-10,41.450001,41.450001,40.450001,40.500000,40.389755,46500
2017-07-11,40.650002,40.700001,39.250000,39.500000,39.392475,134100
2017-07-12,39.299999,40.150002,38.549999,39.200001,39.093296,77800
2017-07-13,39.150002,39.400002,38.599998,39.200001,39.093296,62500
2017-07-14,38.950001,39.750000,38.849998,39.599998,39.492203,82500
2017-07-17,39.450001,40.099998,39.025002,39.900002,39.791389,67800
2017-07-18,39.799999,40.099998,39.700001,40.000000,39.891113,35900
2017-07-19,39.950001,40.611000,39.849998,40.150002,40.040707,43600
2017-07-20,40.150002,40.700001,39.549999,39.799999,39.691658,18800
2017-07-21,40.250000,40.250000,39.299999,39.349998,39.242886,28300
2017-07-24,39.450001,39.605999,39.000000,39.049999,38.943703,44300
2017-07-25,39.500000,39.945000,39.400002,39.549999,39.442341,33200
2017-07-26,39.549999,39.650002,39.099998,39.549999,39.442341,35700
2017-07-27,38.599998,39.049999,36.049999,36.150002,36.051598,188400
2017-07-28,35.950001,35.950001,34.200001,34.799999,34.705269,212600
2017-07-31,34.750000,35.000000,34.450001,34.549999,34.455948,91300
2017-08-01,34.650002,34.900002,34.349998,34.700001,34.605541,97000
2017-08-02,34.700001,34.900002,34.099998,34.500000,34.406086,72900
2017-08-03,34.349998,34.474998,34.000000,34.099998,34.007175,70400
2017-08-04,34.099998,35.400002,34.099998,35.250000,35.154049,60500
2017-08-07,35.650002,35.950001,34.900002,35.000000,34.904728,91900
2017-08-08,35.000000,35.599998,34.299999,34.400002,34.306362,102800
2017-08-09,34.099998,34.299999,33.299999,33.400002,33.309086,65700
2017-08-10,33.150002,33.200001,32.150002,32.250000,32.162212,204300
2017-08-11,32.000000,32.950001,31.750000,32.299999,32.212074,75800
2017-08-14,32.750000,33.750000,32.700001,33.700001,33.608265,39700
2017-08-15,33.900002,33.900002,33.000000,33.099998,33.009895,32400
2017-08-16,33.150002,34.016998,32.900002,33.250000,33.159492,57700
2017-08-17,33.000000,33.299999,32.200001,32.299999,32.212074,44100
2017-08-18,32.000000,32.750000,32.000000,32.299999,32.212074,44400
2017-08-21,32.150002,32.599998,31.750000,32.349998,32.261940,41900
2017-08-22,32.450001,32.599998,32.200001,32.250000,32.162212,36000
2017-08-23,32.049999,32.799999,32.049999,32.500000,32.411530,45000
2017-08-24,32.549999,32.849998,32.349998,32.750000,32.660851,48700
2017-08-25,32.799999,33.450001,32.674999,33.299999,33.209354,46500
2017-08-28,33.250000,33.250000,32.299999,32.349998,32.261940,46200
2017-08-29,32.049999,32.599998,31.900000,32.299999,32.212074,93700
2017-08-30,32.400002,32.549999,32.150002,32.349998,32.261940,58600
2017-08-31,32.400002,32.950001,32.250000,32.700001,32.610989,103000
2017-09-01,32.700001,33.450001,32.599998,33.150002,33.059761,54900
2017-09-05,32.799999,33.000000,31.700001,31.750000,31.663572,46500
2017-09-06,32.000000,32.549999,31.799999,31.900000,31.813166,79400
2017-09-07,31.900000,31.900000,30.299999,30.600000,30.516705,97200
2017-09-08,30.549999,31.500000,30.549999,31.200001,31.115072,40400
2017-09-11,31.650000,33.200001,31.350000,33.000000,32.910168,178400
2017-09-12,34.750000,35.000000,33.750000,34.000000,33.907448,183800
2017-09-13,34.200001,34.299999,33.500000,33.650002,33.558403,53100
2017-09-14,33.900002,33.900002,33.200001,33.450001,33.358948,53800
2017-09-15,33.299999,33.549999,32.799999,33.000000,32.910168,141800
2017-09-18,33.200001,33.849998,32.950001,33.650002,33.558403,49800
2017-09-19,33.650002,33.799999,33.000000,33.299999,33.209354,59300
2017-09-20,34.400002,35.000000,34.049999,34.549999,34.455948,198600
2017-09-21,34.650002,35.250000,34.400002,34.500000,34.406086,130900
2017-09-22,34.549999,35.549999,34.299999,34.950001,34.854862,56800
2017-09-25,34.950001,35.200001,34.700001,35.150002,35.054321,51000
2017-09-26,35.200001,35.250000,34.650002,34.750000,34.655407,93000
2017-09-27,35.250000,36.250000,34.849998,35.950001,35.852142,72800
2017-09-28,36.049999,36.150002,35.400002,36.000000,35.902004,52100
2017-09-29,35.900002,36.599998,35.549999,35.650002,35.552959,67300
2017-10-02,35.700001,36.400002,35.400002,36.299999,36.201187,70600
2017-10-03,35.049999,35.849998,34.500000,35.400002,35.303638,183500
2017-10-04,35.150002,35.750000,34.549999,34.650002,34.555679,66600
2017-10-05,34.450001,35.700001,34.349998,35.099998,35.004456,84700
2017-10-06,35.549999,35.575001,34.799999,34.950001,34.854862,70100
2017-10-09,35.150002,35.150002,34.549999,34.650002,34.555679,71400
2017-10-10,34.650002,34.875000,33.950001,34.000000,33.907448,156100
2017-10-11,33.900002,34.950001,33.799999,34.200001,34.106903,84800
2017-10-12,34.250000,34.250000,33.799999,34.049999,33.957314,59300
2017-10-13,34.049999,34.599998,33.950001,34.299999,34.206631,88400
2017-10-16,34.299999,35.044998,34.299999,34.450001,34.356224,45200
2017-10-17,34.450001,34.799999,34.299999,34.400002,34.306362,52400
2017-10-18,34.500000,35.150002,34.349998,34.849998,34.755131,97900
2017-10-19,34.900002,34.900002,34.349998,34.700001,34.605541,46600
2017-10-20,35.200001,35.200001,34.509998,34.799999,34.705269,51200
2017-10-23,34.799999,34.849998,34.000000,34.349998,34.256493,113800
2017-10-24,34.400002,34.755001,34.099998,34.250000,34.156769,75400
2017-10-25,34.250000,34.750000,33.900002,34.450001,34.356224,67900
2017-10-26,34.349998,36.099998,34.349998,36.049999,35.951866,167300
2017-10-27,36.049999,36.200001,35.450001,36.099998,36.001732,114000
2017-10-30,35.849998,35.950001,34.799999,34.849998,34.755131,71500
2017-10-31,34.650002,35.200001,34.250000,34.299999,34.206631,65200
2017-11-01,34.450001,35.000000,34.099998,34.200001,34.106903,56500
2017-11-02,34.099998,34.599998,33.849998,34.450001,34.356224,107800
2017-11-03,34.450001,34.450001,33.700001,33.799999,33.707993,57600
2017-11-06,33.750000,33.950001,33.500000,33.700001,33.608265,60300
2017-11-07,33.700001,33.750000,32.049999,32.400002,32.311806,152900
2017-11-08,32.200001,32.500000,31.799999,31.950001,31.863029,155800
2017-11-09,31.650000,32.299999,31.500000,32.000000,31.912893,72000
2017-11-10,32.186001,32.875000,32.000000,32.150002,32.062485,62200
2017-11-13,32.000000,32.380001,31.725000,32.250000,32.162212,58500
2017-11-14,32.200001,32.900002,32.099998,32.799999,32.710712,64400
2017-11-15,32.349998,33.250000,32.200001,33.000000,32.910168,56900
2017-11-16,33.150002,33.150002,32.849998,33.000000,32.910168,41300
2017-11-17,32.799999,33.200001,32.500000,33.150002,33.059761,39000
2017-11-20,33.150002,33.750000,32.924999,33.750000,33.658131,55300
2017-11-21,34.000000,34.650002,33.450001,34.349998,34.256493,112700
2017-11-22,34.549999,34.549999,34.049999,34.200001,34.106903,70500
2017-11-24,34.299999,34.299999,33.599998,33.750000,33.658131,35400
2017-11-27,33.750000,34.450001,33.549999,34.099998,34.007175,70700
2017-11-28,34.250000,34.400002,33.750000,34.250000,34.156769,69800
2017-11-29,34.500000,35.450001,34.500000,35.099998,35.004456,111800
2017-11-30,35.400002,35.400002,34.799999,34.950001,34.854862,86100
2017-12-01,35.049999,35.049999,33.400002,34.700001,34.605541,55300
2017-12-04,35.299999,35.612999,34.450001,34.549999,34.455948,71500
2017-12-05,34.599998,34.599998,34.150002,34.250000,34.156769,70900
2017-12-06,34.200001,34.400002,33.500000,33.549999,33.458675,65300
2017-12-07,33.500000,33.694000,33.049999,33.450001,33.358948,73400
2017-12-08,33.599998,33.900002,33.099998,33.700001,33.608265,70900
2017-12-11,33.700001,34.000000,33.174999,33.599998,33.508537,91700
2017-12-12,33.700001,34.195000,33.650002,34.000000,33.907448,43200
2017-12-13,33.950001,34.700001,33.674999,33.900002,33.807724,79400
2017-12-14,33.950001,34.700001,33.549999,34.000000,33.907448,131400
2017-12-15,34.049999,35.500000,34.049999,35.099998,35.004456,534800
2017-12-18,35.450001,35.900002,34.549999,35.000000,34.904728,56800
2017-12-19,35.049999,35.099998,34.450001,34.750000,34.655407,51900
2017-12-20,35.000000,35.075001,34.200001,34.750000,34.655407,34500
2017-12-21,34.799999,35.150002,34.349998,34.799999,34.705269,39200
2017-12-22,34.750000,34.950001,34.099998,34.250000,34.156769,53100
2017-12-26,34.150002,34.250000,33.700001,33.900002,33.807724,50400
2017-12-27,33.750000,34.299999,33.555000,34.000000,33.907448,48200
2017-12-28,34.049999,34.450001,33.771999,34.200001,34.106903,43900
2017-12-29,34.200001,34.474998,33.900002,34.099998,34.007175,92900
2018-01-02,34.349998,34.450001,33.599998,33.799999,33.707993,99200
2018-01-03,33.799999,34.000000,33.500000,33.799999,33.707993,114400
2018-01-04,33.950001,34.349998,33.750000,33.950001,33.857586,149000
2018-01-05,34.400002,35.500000,34.349998,35.250000,35.154049,252300
2018-01-08,35.299999,35.299999,34.450001,34.849998,34.755131,102600
2018-01-09,34.849998,35.299999,34.450001,34.500000,34.406086,63500
2018-01-10,34.450001,35.549999,34.200001,35.299999,35.203911,91300
2018-01-11,35.450001,36.349998,35.349998,36.200001,36.101460,112600
2018-01-12,36.200001,36.950001,35.849998,36.400002,36.300915,67800
2018-01-16,36.500000,36.650002,36.299999,36.400002,36.300915,102400
2018-01-17,36.549999,37.195000,36.000000,37.049999,36.949146,61900
2018-01-18,37.099998,37.099998,36.325001,36.849998,36.749691,73800
2018-01-19,36.849998,37.799999,36.849998,37.700001,37.597378,74900
2018-01-22,37.549999,37.900002,37.450001,37.750000,37.647240,67500
2018-01-23,37.599998,37.950001,37.020000,37.349998,37.248329,38600
2018-01-24,37.599998,37.599998,37.250000,37.349998,37.248329,55900
2018-01-25,36.400002,36.400002,33.500000,34.049999,33.957314,382600
2018-01-26,33.799999,33.849998,32.700001,33.150002,33.059761,421300
2018-01-29,32.950001,33.099998,32.549999,32.599998,32.511257,139900
2018-01-30,32.450001,32.849998,32.250000,32.599998,32.511257,113100
2018-01-31,32.599998,32.799999,32.099998,32.250000,32.162212,161300
2018-02-01,32.250000,33.150002,32.049999,33.099998,33.009895,77200
2018-02-02,33.099998,33.450001,32.849998,33.049999,32.960033,132000
2018-02-05,32.599998,33.150002,32.000000,32.000000,31.912893,221900
2018-02-06,31.350000,32.794998,31.350000,31.700001,31.613708,324000
2018-02-07,31.500000,31.950001,31.299999,31.799999,31.713436,74300
2018-02-08,31.799999,31.799999,31.150000,31.200001,31.115072,98800
2018-02-09,31.400000,32.049999,30.850000,31.650000,31.563845,92100
2018-02-12,31.799999,31.900000,31.400000,31.600000,31.513981,146000
2018-02-13,31.549999,31.950001,31.200001,31.400000,31.314526,124300
2018-02-14,31.350000,31.799999,31.139000,31.500000,31.414253,92300
2018-02-15,31.799999,31.799999,31.000000,31.400000,31.314526,120000
2018-02-16,31.450001,32.750000,31.450001,32.599998,32.511257,139400
2018-02-20,32.549999,32.650002,31.600000,31.750000,31.663572,41200
2018-02-21,31.950001,33.049999,31.950001,32.500000,32.411530,50200
2018-02-22,32.549999,32.700001,31.799999,31.900000,31.813166,33100
2018-02-23,32.049999,32.049999,31.650000,31.900000,31.813166,34100
2018-02-26,32.000000,32.049999,31.655001,32.049999,31.962757,67500
2018-02-27,32.000000,32.549999,31.750000,31.799999,31.713436,87400
2018-02-28,31.799999,31.799999,31.000000,31.049999,30.965479,77100
2018-03-01,31.000000,31.350000,30.799999,31.100000,31.015343,47500
2018-03-02,31.000000,32.099998,30.799999,31.900000,31.813166,42500
2018-03-05,31.799999,32.650002,31.275000,32.049999,31.962757,84000
2018-03-06,32.200001,32.549999,31.700001,32.500000,32.411530,53600
2018-03-07,32.250000,33.599998,32.055000,33.299999,33.209354,48500
2018-03-08,33.349998,33.450001,32.625000,32.950001,32.860306,28300
2018-03-09,33.000000,33.549999,32.900002,33.349998,33.259216,38900
2018-03-12,33.450001,33.950001,33.189999,33.750000,33.658131,47000
2018-03-13,33.900002,33.900002,33.299999,33.549999,33.458675,54400
2018-03-14,33.700001,33.700001,32.599998,32.799999,32.710712,51200
2018-03-15,32.750000,32.849998,32.200001,32.849998,32.760574,46000
2018-03-16,32.799999,33.450001,32.700001,33.150002,33.059761,154400
2018-03-19,33.099998,33.750000,32.750000,33.599998,33.508537,66800
2018-03-20,33.700001,33.700001,33.049999,33.349998,33.259216,46400
2018-03-21,33.349998,33.799999,33.200001,33.400002,33.309086,34600
2018-03-22,33.099998,33.299999,32.500000,32.549999,32.461395,48000
2018-03-23,32.650002,32.650002,31.450001,31.500000,31.414253,73900
2018-03-26,31.950001,33.099998,31.750000,32.849998,32.760574,66000
2018-03-27,32.900002,33.299999,32.049999,32.250000,32.162212,60700
2018-03-28,32.299999,32.549999,31.850000,32.299999,32.212074,269200
2018-03-29,32.549999,33.549999,32.474998,32.599998,32.511257,67200
2018-04-02,32.599998,32.849998,31.549999,32.150002,32.062485,45300
2018-04-03,32.299999,32.599998,31.950001,32.450001,32.361668,47500
2018-04-04,32.099998,32.799999,32.099998,32.700001,32.610989,39800
2018-04-05,32.900002,33.299999,32.500000,32.700001,32.610989,46100
2018-04-06,32.549999,32.900002,31.750000,32.099998,32.012619,43900
2018-04-09,32.250000,32.724998,31.900000,32.000000,31.912893,38900
2018-04-10,32.250000,32.549999,32.099998,32.349998,32.261940,69700
2018-04-11,32.200001,32.549999,32.200001,32.349998,32.261940,23500
2018-04-12,32.450001,33.150002,32.400002,32.849998,32.760574,125500
2018-04-13,33.049999,33.299999,32.599998,32.950001,32.860306,55900
2018-04-16,33.000000,33.450001,32.862000,33.099998,33.009895,56300
2018-04-17,33.299999,33.500000,32.549999,32.750000,32.660851,55800
2018-04-18,32.950001,33.650002,32.849998,33.049999,32.960033,57100
2018-04-19,33.049999,33.599998,32.900002,33.500000,33.408810,80300
2018-04-20,33.500000,34.150002,33.500000,33.900002,33.807724,50500
2018-04-23,34.000000,34.200001,33.799999,34.099998,34.007175,34400
2018-04-24,34.250000,34.400002,33.750000,34.099998,34.007175,41900
2018-04-25,34.099998,34.349998,33.750000,34.000000,33.907448,43100
2018-04-26,34.349998,36.750000,33.849998,34.299999,34.206631,217100
2018-04-27,34.450001,35.049999,34.200001,34.299999,34.206631,100800
2018-04-30,34.599998,34.599998,33.400002,33.700001,33.608265,75600
2018-05-01,33.700001,33.900002,32.900002,33.849998,33.757854,29600
2018-05-02,33.950001,34.450001,33.750000,33.950001,33.857586,33500
2018-05-03,33.950001,34.049999,33.150002,33.200001,33.109631,31200
2018-05-04,33.150002,34.500000,33.049999,34.000000,33.907448,43300
2018-05-07,34.049999,34.450001,33.750000,34.150002,34.057041,29100
2018-05-08,34.200001,34.450001,34.000000,34.450001,34.356224,33800
2018-05-09,34.500000,35.000000,34.099998,34.849998,34.755131,35200
2018-05-10,34.900002,34.900002,34.400002,34.549999,34.455948,26800
2018-05-11,34.500000,34.900002,34.400002,34.549999,34.455948,27500
2018-05-14,34.549999,34.750000,34.049999,34.150002,34.057041,33700
2018-05-15,34.049999,34.549999,34.049999,34.349998,34.256493,37600
2018-05-16,34.650002,35.299999,34.349998,35.099998,35.004456,49600
2018-05-17,34.849998,35.500000,34.849998,35.150002,35.054321,51500
2018-05-18,35.299999,35.299999,35.000000,35.000000,34.904728,32800
2018-05-21,35.150002,35.900002,35.099998,35.750000,35.652683,38500
2018-05-22,35.799999,36.500000,35.799999,36.150002,36.051598,37700
2018-05-23,36.099998,36.200001,35.750000,36.000000,35.902004,29400
2018-05-24,35.799999,36.099998,35.299999,36.000000,35.902004,31400
2018-05-25,35.950001,36.150002,35.750000,35.950001,35.852142,28600
2018-05-29,35.750000,36.099998,35.299999,35.950001,35.852142,46500
2018-05-30,36.250000,36.950001,36.200001,36.500000,36.400642,45700
2018-05-31,36.400002,36.849998,36.099998,36.549999,36.450504,106200
2018-06-01,36.700001,37.099998,35.900002,36.049999,35.951866,52400
2018-06-04,35.900002,36.049999,35.299999,35.950001,35.852142,96200
2018-06-05,35.950001,36.599998,35.950001,36.549999,36.450504,52800
2018-06-06,36.549999,37.099998,36.500000,37.000000,36.899284,72800
2018-06-07,37.700001,37.799999,37.099998,37.500000,37.397923,79300
2018-06-08,37.500000,37.950001,37.049999,37.500000,37.397923,97400
2018-06-11,39.599998,40.299999,39.200001,39.400002,39.292751,615300
2018-06-12,38.700001,39.500000,38.049999,38.200001,38.096016,404500
2018-06-13,38.200001,38.400002,37.900002,38.349998,38.245605,337400
2018-06-14,37.849998,38.349998,37.400002,37.950001,37.846695,352900
2018-06-15,37.849998,38.224998,37.349998,37.950001,37.846695,2147700
2018-06-18,37.549999,38.474998,37.400002,38.099998,37.996284,222800
2018-06-19,37.700001,39.000000,37.700001,38.900002,38.794113,288200
2018-06-20,38.900002,39.700001,38.775002,38.950001,38.843975,192500
2018-06-21,38.900002,39.000000,38.099998,38.150002,38.046154,165800
2018-06-22,38.400002,38.950001,37.974998,38.799999,38.694382,334800
2018-06-25,38.650002,39.250000,38.150002,38.700001,38.594658,206400
2018-06-26,38.900002,38.950001,38.150002,38.500000,38.395199,139100
2018-06-27,38.549999,38.650002,38.049999,38.250000,38.145878,157500
2018-06-28,38.200001,38.500000,37.950001,38.000000,37.896561,114300
2018-06-29,38.099998,38.299999,37.549999,37.599998,37.497646,130800
2018-07-02,37.400002,38.950001,37.349998,38.849998,38.744247,121000
2018-07-03,38.900002,39.000000,38.200001,38.349998,38.245605,64400
2018-07-05,38.549999,38.599998,38.200001,38.450001,38.345333,107000
2018-07-06,38.349998,38.650002,38.299999,38.450001,38.345333,146000
2018-07-09,38.650002,38.750000,38.500000,38.750000,38.644520,186800
2018-07-10,38.799999,38.849998,38.099998,38.400002,38.295471,97300
2018-07-11,38.349998,38.349998,37.849998,37.900002,37.796833,83800
2018-07-12,38.250000,38.250000,36.750000,36.849998,36.749691,234800
2018-07-13,36.849998,37.000000,36.200001,36.250000,36.151321,133400
2018-07-16,36.299999,36.500000,36.049999,36.400002,36.300915,95300
2018-07-17,36.349998,36.650002,35.900002,36.000000,35.902004,104400
2018-07-18,36.200001,36.700001,35.735001,36.650002,36.550236,177100
2018-07-19,36.650002,36.799999,36.349998,36.549999,36.450504,66600
2018-07-20,36.549999,36.750000,36.400002,36.700001,36.600098,58600
2018-07-23,36.750000,37.500000,36.700001,37.200001,37.098740,124300
2018-07-24,37.349998,37.349998,36.599998,37.049999,36.949146,76300
2018-07-25,36.950001,37.099998,36.599998,37.049999,36.949146,98700
2018-07-26,37.500000,38.200001,36.605000,37.750000,37.647240,167600
2018-07-27,38.049999,38.549999,37.650002,38.400002,38.295471,191700
2018-07-30,38.450001,39.250000,38.400002,38.599998,38.494926,144900
2018-07-31,38.750000,39.250000,38.349998,39.150002,39.043430,135900
2018-08-01,39.299999,39.544998,38.849998,39.450001,39.342613,174600
2018-08-02,39.250000,39.599998,39.200001,39.299999,39.193020,98000
2018-08-03,39.450001,39.549999,38.250000,38.349998,38.245605,81900
2018-08-06,38.349998,38.450001,38.099998,38.250000,38.145878,50000
2018-08-07,38.349998,38.549999,38.099998,38.349998,38.245605,67200
2018-08-08,38.250000,38.875000,38.200001,38.700001,38.594658,132500
2018-08-09,38.700001,38.799999,38.250000,38.299999,38.195740,59200
2018-08-10,38.150002,38.400002,37.849998,38.250000,38.145878,105000
2018-08-13,38.349998,38.400002,37.950001,38.150002,38.046154,113300
2018-08-14,38.099998,39.099998,38.099998,39.000000,38.893841,69900
2018-08-15,38.900002,39.150002,38.450001,38.500000,38.395199,64000
2018-08-16,38.349998,39.125000,38.349998,38.849998,38.744247,62600
2018-08-17,38.700001,39.299999,38.650002,39.250000,39.143158,60000
2018-08-20,39.299999,39.599998,38.299999,38.400002,38.295471,103200
2018-08-21,38.500000,39.200001,38.500000,38.849998,38.744247,151300
2018-08-22,38.750000,38.849998,38.349998,38.700001,38.594658,128100
2018-08-23,38.750000,38.799999,38.400002,38.500000,38.395199,104700
2018-08-24,38.500000,38.650002,38.250000,38.349998,38.245605,114900
2018-08-27,38.500000,38.700001,38.049999,38.250000,38.145878,82500
2018-08-28,38.200001,38.599998,38.150002,38.450001,38.345333,83400
2018-08-29,38.450001,38.450001,38.049999,38.150002,38.046154,120400
2018-08-30,38.099998,39.200001,38.049999,38.750000,38.644520,105600
2018-08-31,38.599998,38.849998,38.500000,38.650002,38.544792,81200
2018-09-04,38.700001,39.049999,38.450001,39.000000,38.893841,80500
2018-09-05,38.950001,39.500000,38.849998,38.900002,38.794113,65200
2018-09-06,38.900002,39.400002,38.900002,39.299999,39.193020,79900
2018-09-07,39.299999,39.799999,39.099998,39.799999,39.691658,89400
2018-09-10,39.900002,40.000000,39.549999,39.849998,39.741520,72200
2018-09-11,39.750000,40.349998,39.650002,40.099998,39.990841,75700
2018-09-12,40.000000,40.200001,39.849998,40.000000,39.891113,131300
2018-09-13,40.150002,40.150002,39.900002,40.049999,39.940979,142100
2018-09-14,40.049999,40.400002,39.849998,40.400002,40.290031,75500
2018-09-17,40.299999,40.799999,39.900002,40.150002,40.040707,81300
2018-09-18,40.250000,40.450001,39.950001,40.250000,40.140434,55700
2018-09-19,40.200001,40.900002,40.200001,40.500000,40.389755,77900
2018-09-20,40.750000,41.150002,40.750000,41.099998,40.988121,80400
2018-09-21,41.200001,41.500000,40.700001,41.200001,41.087849,455200
2018-09-24,41.299999,41.400002,39.950001,40.200001,40.090572,84700
2018-09-25,40.400002,40.400002,39.950001,40.250000,40.140434,42400
2018-09-26,40.299999,40.400002,39.349998,39.500000,39.392475,107500
2018-09-27,39.599998,39.650002,38.849998,38.950001,38.843975,67900
2018-09-28,38.849998,39.250000,38.799999,39.099998,38.993565,66900
2018-10-01,39.250000,39.299999,37.669998,37.959999,37.856667,64700
2018-10-02,37.910000,38.215000,37.261002,37.820000,37.717049,73300
2018-10-03,38.000000,39.009998,37.630001,38.880001,38.774166,71800
2018-10-04,38.910000,39.334999,38.470001,38.650002,38.544792,43100
2018-10-05,38.660000,38.669998,38.080002,38.369999,38.265549,41400
2018-10-08,38.419998,39.160000,38.169998,39.060001,38.953678,59100
2018-10-09,39.090000,39.689999,38.509998,39.490002,39.382507,80900
2018-10-10,39.450001,40.525002,39.250000,39.490002,39.382507,119100
2018-10-11,39.349998,39.577999,37.869999,37.980000,37.876614,92500
2018-10-12,38.509998,38.509998,35.580002,36.779999,36.679882,103400
2018-10-15,36.680000,37.689999,36.580002,37.410000,37.308167,65200
2018-10-16,37.650002,38.090000,36.840000,37.980000,37.876614,55400
2018-10-17,37.910000,38.570000,37.320000,38.410000,38.305443,68200
2018-10-18,38.270000,38.654999,37.610001,37.669998,37.567455,41500
2018-10-19,37.580002,38.220001,37.099998,37.180000,37.078793,86300
2018-10-22,37.130001,37.240002,35.660000,35.820000,35.722492,96900
2018-10-23,35.389999,36.098000,35.169998,35.900002,35.802277,119500
2018-10-24,35.849998,35.955002,33.610001,33.849998,33.757854,67000
2018-10-25,34.150002,34.230000,32.580002,33.099998,33.009895,176800
2018-10-26,32.700001,33.849998,32.450001,33.119999,33.029842,163300
2018-10-29,33.470001,34.799999,33.470001,34.450001,34.356224,144600
2018-10-30,34.430000,34.980000,33.660000,34.200001,34.106903,56100
2018-10-31,34.480000,34.730000,33.180000,33.900002,33.807724,80000
2018-11-01,33.970001,34.299999,33.560001,33.599998,33.508537,53200
2018-11-02,33.689999,34.070000,33.480000,33.970001,33.877533,54100
2018-11-05,33.900002,34.270000,33.490002,33.750000,33.658131,48800
2018-11-06,33.540001,33.889999,33.419998,33.830002,33.737915,130600
2018-11-07,34.060001,34.340000,33.160000,33.700001,33.608265,81800
2018-11-08,33.660000,34.900002,33.529999,34.610001,34.515789,73800
2018-11-09,34.410000,35.020000,33.680000,34.020000,33.927395,46600
2018-11-12,34.160000,34.730000,33.779999,34.150002,34.057041,69700
2018-11-13,34.090000,34.990002,33.889999,34.200001,34.106903,60800
2018-11-14,34.439999,34.939999,33.490002,33.590000,33.498566,70400
2018-11-15,33.529999,34.160000,33.130001,33.849998,33.757854,100100
2018-11-16,33.740002,34.310001,33.330002,34.180000,34.086960,83400
2018-11-19,34.150002,34.910000,33.930000,34.279999,34.186684,98200
2018-11-20,33.990002,34.240002,32.810001,33.029999,32.940086,96900
2018-11-21,33.110001,33.590000,32.400002,33.130001,33.039818,75000
2018-11-23,33.000000,33.450001,32.750000,33.220001,33.129574,39100
2018-11-26,33.389999,34.150002,33.160000,33.759998,33.668102,80800
2018-11-27,33.610001,33.660000,32.310001,33.560001,33.468647,138200
2018-11-28,33.720001,34.500000,32.919998,34.369999,34.276440,85600
2018-11-29,34.310001,34.310001,33.730000,33.779999,33.688046,44100
2018-11-30,33.650002,34.029999,33.389999,33.700001,33.608265,112600
2018-12-03,33.849998,33.924999,32.660000,33.009998,32.920139,70200
2018-12-04,32.619999,32.990002,29.940001,30.070000,29.988148,187600
2018-12-06,29.760000,29.980000,29.000000,29.520000,29.439644,179300
2018-12-07,29.469999,29.750000,28.730000,29.200001,29.120516,217500
2018-12-10,29.230000,29.230000,28.230000,28.969999,28.891140,95700
2018-12-11,29.240000,29.320000,28.410000,28.639999,28.562038,61100
2018-12-12,28.969999,29.570000,28.315001,29.200001,29.120516,91000
2018-12-13,29.280001,29.430000,28.110001,28.180000,28.103291,49500
2018-12-14,27.830000,28.410000,27.240000,27.299999,27.225685,63400
2018-12-17,27.290001,28.080000,27.212000,27.760000,27.684435,69000
2018-12-18,27.840000,28.250000,27.260000,27.290001,27.215714,118700
2018-12-19,27.230000,27.379999,25.920000,26.030001,25.959145,92500
2018-12-20,26.000000,26.490000,25.898001,26.150000,26.078815,79000
2018-12-21,26.180000,26.650000,25.629999,25.860001,25.789608,248300
2018-12-24,25.700001,26.240000,25.459999,25.549999,25.480448,32200
2018-12-26,25.549999,26.820000,25.500000,26.770000,26.697130,105200
2018-12-27,26.469999,26.780001,25.245001,26.250000,26.178545,99600
2018-12-28,26.400000,27.030001,26.311001,26.580000,26.507647,159200
2018-12-31,26.770000,26.770000,26.059999,26.370001,26.298218,105500
2019-01-02,25.940001,27.245001,25.940001,26.990000,26.916531,96600
2019-01-03,26.990000,27.850000,26.690001,27.350000,27.275551,135500
2019-01-04,27.850000,28.530001,27.450001,28.440001,28.362585,98200
2019-01-07,28.340000,28.590000,28.080000,28.330000,28.252884,53000
2019-01-08,28.590000,28.590000,28.010000,28.559999,28.482256,44600
2019-01-09,28.410000,28.500000,27.870001,28.370001,28.292776,54600
2019-01-10,28.320000,28.440001,27.830000,27.959999,27.883888,76900
2019-01-11,27.809999,27.993000,27.490000,27.910000,27.834026,50100
2019-01-14,27.780001,28.120001,27.680000,27.719999,27.644543,49100
2019-01-15,27.809999,27.980000,27.440001,27.950001,27.873919,42100
2019-01-16,28.120001,29.049999,28.010000,28.980000,28.901112,121000
2019-01-17,28.820000,28.879999,28.170000,28.330000,28.252884,67400
2019-01-18,28.450001,28.670000,28.250000,28.530001,28.452339,54500
2019-01-22,28.240000,28.940001,27.950001,28.110001,28.033482,64800
2019-01-23,28.110001,28.309999,27.544001,27.780001,27.704380,37600
2019-01-24,28.020000,30.209999,27.900000,29.750000,29.669018,342700
2019-01-25,30.280001,30.790001,29.469999,30.250000,30.167656,167800
2019-01-28,30.590000,32.000000,30.370001,31.990000,31.902920,110300
2019-01-29,32.150002,33.200001,32.070000,32.779999,32.690765,118700
2019-01-30,33.410000,33.430000,32.349998,32.580002,32.491314,86600
2019-01-31,32.450001,32.505001,31.100000,31.870001,31.783249,98700
2019-02-01,31.930000,32.090000,31.719999,31.950001,31.863029,83000
2019-02-04,32.279999,32.770000,32.009998,32.490002,32.401562,117400
2019-02-05,32.570000,32.619999,32.000000,32.150002,32.062485,73200
2019-02-06,32.119999,32.264999,31.950001,32.020000,31.932838,69400
2019-02-07,32.139999,32.360001,31.910000,32.240002,32.152241,137000
2019-02-08,32.080002,32.395000,31.719999,32.070000,31.982704,91100
2019-02-11,32.060001,32.700001,31.879999,32.660000,32.571095,45900
2019-02-12,32.770000,33.180000,32.759998,33.110001,33.019871,61000
2019-02-13,33.110001,33.619999,33.110001,33.380001,33.289139,64100
2019-02-14,33.020000,33.500000,32.959999,33.230000,33.179306,76700
2019-02-15,33.509998,34.270000,33.400002,34.130001,34.077934,84300
2019-02-19,34.389999,35.169998,34.200001,34.619999,34.567184,96800
2019-02-20,34.650002,34.680000,34.090000,34.560001,34.507278,140000
2019-02-21,34.369999,34.650002,33.849998,33.970001,33.918179,55700
2019-02-22,34.049999,34.049999,33.509998,33.980000,33.928162,72200
2019-02-25,34.209999,34.290001,33.520000,33.540001,33.488834,31900
2019-02-26,33.480000,33.689999,32.990002,33.000000,32.949657,46800
2019-02-27,32.980000,33.105000,32.790001,32.889999,32.839825,78200
2019-02-28,32.930000,33.064999,32.700001,32.799999,32.749962,70400
2019-03-01,32.980000,33.340000,32.689999,33.279999,33.229229,80800
2019-03-04,33.119999,33.389999,32.590000,32.610001,32.560253,48300
2019-03-05,32.599998,33.130001,32.220001,32.869999,32.819855,57500
2019-03-06,32.779999,32.820000,31.650000,31.650000,31.601715,53200
2019-03-07,31.270000,31.750000,31.049999,31.180000,31.132433,45400
2019-03-08,31.010000,31.320000,30.924999,31.110001,31.062540,46300
2019-03-11,30.950001,30.950001,29.500000,29.990000,29.944248,231200
2019-03-12,30.209999,30.305000,29.750000,30.090000,30.044096,139900
2019-03-13,30.280001,30.860001,30.080000,30.709999,30.663149,105900
2019-03-14,30.740000,31.000000,30.650000,30.900000,30.852859,44500
2019-03-15,30.920000,31.180000,30.764999,30.870001,30.822906,122700
2019-03-18,30.910000,31.250000,30.870001,31.139999,31.092493,54100
2019-03-19,31.320000,31.320000,29.820000,29.950001,29.904310,41800
2019-03-20,29.760000,30.010000,29.240000,29.240000,29.195393,96500
2019-03-21,29.100000,29.459999,28.620001,28.730000,28.686169,111000
2019-03-22,28.450001,28.459999,27.250000,27.490000,27.448061,72300
2019-03-25,27.469999,27.969999,27.180000,27.650000,27.607817,43900
2019-03-26,27.790001,28.889999,27.700001,28.709999,28.666199,73700
2019-03-27,28.500000,29.270000,28.330000,29.090000,29.045622,67900
2019-03-28,29.150000,29.370001,28.770000,29.230000,29.185408,38000
2019-03-29,29.540001,29.610001,28.726000,29.010000,28.965744,51900
2019-04-01,29.290001,29.920000,29.000000,29.879999,29.834415,90800
2019-04-02,29.870001,30.110001,29.549999,29.600000,29.554844,40200
2019-04-03,29.889999,29.940001,29.459999,29.549999,29.504919,31200
2019-04-04,29.450001,30.230000,29.420000,30.150000,30.104004,39300
2019-04-05,30.129999,30.480000,29.860001,30.250000,30.203852,47300
2019-04-08,30.000000,30.120001,27.400000,27.750000,27.707664,358100
2019-04-09,27.639999,28.510000,27.049999,27.639999,27.597832,250300
2019-04-10,27.490000,27.730000,26.719999,27.389999,27.348213,165100
2019-04-11,27.350000,28.160000,27.350000,28.110001,28.067116,80200
2019-04-12,28.340000,28.549999,27.590000,27.889999,27.847450,67200
2019-04-15,27.840000,27.879999,27.150000,27.520000,27.478016,53000
2019-04-16,27.520000,28.340000,27.490999,28.160000,28.117039,61100
2019-04-17,28.290001,28.540001,27.770000,28.290001,28.246841,89200
2019-04-18,28.139999,28.230000,27.855000,27.990000,27.947298,70500
2019-04-22,27.760000,28.010000,27.760000,27.840000,27.797527,78600
2019-04-23,27.799999,28.389999,27.709999,28.230000,28.186932,66800
2019-04-24,28.139999,28.440001,27.760000,28.360001,28.316734,55800
2019-04-25,27.820000,28.600000,27.820000,28.410000,28.366657,128300
2019-04-26,28.250000,29.000000,28.250000,28.930000,28.885866,67400
2019-04-29,28.799999,29.629999,28.799999,29.090000,29.045622,65100
2019-04-30,28.980000,29.000000,27.580000,27.650000,27.607817,122600
2019-05-01,27.719999,27.930000,27.049999,27.490000,27.448061,154200
2019-05-02,27.469999,28.180000,27.360001,28.080000,28.037161,60200
2019-05-03,28.120001,28.980000,28.090000,28.870001,28.825958,44800
2019-05-06,28.450001,29.080000,28.360001,28.860001,28.815973,42600
2019-05-07,28.580000,28.632999,27.790001,27.910000,27.867420,48600
2019-05-08,27.690001,28.100000,27.420000,27.450001,27.408123,51600
2019-05-09,27.500000,28.215000,27.340000,27.860001,27.817497,72600
2019-05-10,27.700001,27.820000,27.250000,27.790001,27.747604,45800
2019-05-13,27.299999,27.350000,26.091000,26.219999,26.179998,67400
2019-05-14,26.250000,26.990000,26.150000,26.910000,26.910000,53800
2019-05-15,26.740000,27.030001,26.309999,26.969999,26.969999,56200
2019-05-16,27.049999,27.254999,27.000000,27.180000,27.180000,57100
2019-05-17,27.940001,28.177000,27.530001,27.770000,27.770000,111800
2019-05-20,27.680000,27.990000,27.580000,27.700001,27.700001,80700
2019-05-21,27.879999,28.030001,27.745001,27.969999,27.969999,46500
2019-05-22,27.809999,27.990000,27.719999,27.889999,27.889999,43400
2019-05-23,27.520000,27.570000,27.280001,27.540001,27.540001,83800
2019-05-24,27.709999,28.120001,27.660000,28.049999,28.049999,38600
2019-05-28,28.139999,28.139999,27.559999,27.670000,27.670000,88800
2019-05-29,27.500000,27.930000,27.040001,27.799999,27.799999,50000
2019-05-30,27.799999,27.847000,26.980000,27.180000,27.180000,75400
2019-05-31,26.760000,26.858999,26.129999,26.250000,26.250000,64300
2019-06-03,26.250000,26.639999,26.059999,26.379999,26.379999,76900
2019-06-04,26.719999,27.330000,26.660000,27.299999,27.299999,57400
2019-06-05,27.209999,27.690001,26.740000,27.260000,27.260000,56000
2019-06-06,27.260000,27.490000,27.090000,27.250000,27.250000,52500
2019-06-07,27.230000,27.360001,27.056999,27.160000,27.160000,32900
2019-06-10,27.309999,27.799999,27.209999,27.250000,27.250000,32700
2019-06-11,27.410000,27.770000,27.155001,27.340000,27.340000,45800
2019-06-12,27.250000,27.459999,26.969999,27.010000,27.010000,62200
2019-06-13,27.090000,27.280001,26.809999,27.020000,27.020000,82500
2019-06-14,27.020000,27.350000,26.950001,27.040001,27.040001,62900
2019-06-17,27.040001,27.280001,26.920000,27.020000,27.020000,69700
2019-06-18,27.020000,27.868999,27.020000,27.450001,27.450001,39300
2019-06-19,27.480000,27.969999,27.120001,27.230000,27.230000,33400
2019-06-20,27.480000,27.480000,26.969999,27.250000,27.250000,27100
2019-06-21,27.049999,27.459999,26.959999,27.020000,27.020000,59200
2019-06-24,26.950001,27.459999,26.950001,27.100000,27.100000,124700
2019-06-25,27.080000,27.730000,26.950001,27.549999,27.549999,48500
2019-06-26,27.570000,27.850000,27.209999,27.240000,27.240000,53700
2019-06-27,27.209999,27.650000,27.180000,27.629999,27.629999,40200
2019-06-28,27.799999,28.150000,27.680000,27.860001,27.860001,130600
2019-07-01,28.049999,28.450001,27.719999,28.379999,28.379999,55800
2019-07-02,28.379999,28.379999,27.790001,28.010000,28.010000,47400
2019-07-03,28.059999,28.450001,28.049999,28.190001,28.190001,25900
2019-07-05,28.360001,28.670000,28.160000,28.650000,28.650000,35400
