Date,Open,High,Low,Close,Adj Close,Volume
2014-07-07,6.150000,6.320000,6.100000,6.270000,5.745808,5754100
2014-07-08,6.270000,6.280000,6.200000,6.230000,5.709152,4329900
2014-07-09,6.240000,6.330000,6.230000,6.290000,5.764136,3755800
2014-07-10,6.210000,6.250000,6.150000,6.220000,5.699987,6480500
2014-07-11,6.130000,6.250000,6.120000,6.240000,5.718316,5323100
2014-07-14,6.270000,6.360000,6.240000,6.290000,5.764136,4630700
2014-07-15,6.320000,6.410000,6.280000,6.370000,5.837448,7177800
2014-07-16,6.470000,6.510000,6.260000,6.360000,5.828285,5917000
2014-07-17,6.270000,6.290000,6.050000,6.090000,5.580856,13229200
2014-07-18,6.190000,6.230000,6.010000,6.040000,5.535038,10408700
2014-07-21,6.010000,6.030000,5.930000,6.010000,5.507545,6820100
2014-07-22,6.000000,6.050000,5.970000,5.970000,5.470889,5591500
2014-07-23,5.950000,6.000000,5.910000,5.960000,5.461725,4600400
2014-07-24,6.030000,6.230000,6.010000,6.150000,5.635840,6501500
2014-07-25,6.160000,6.230000,6.120000,6.140000,5.626677,3152200
2014-07-28,6.190000,6.270000,6.140000,6.180000,5.663332,2649700
2014-07-29,6.190000,6.210000,6.120000,6.190000,5.672496,3943200
2014-07-30,6.040000,6.100000,5.950000,5.990000,5.489217,10147500
2014-07-31,5.850000,5.960000,5.830000,5.880000,5.388413,6021000
2014-08-01,5.860000,5.960000,5.810000,5.840000,5.351757,5919500
2014-08-04,5.860000,5.940000,5.800000,5.900000,5.406742,5383300
2014-08-05,5.840000,5.920000,5.780000,5.800000,5.315102,4467100
2014-08-06,5.810000,5.910000,5.810000,5.860000,5.370085,4309200
2014-08-07,5.880000,5.920000,5.760000,5.810000,5.324265,6233200
2014-08-08,5.790000,5.880000,5.770000,5.870000,5.379249,2962600
2014-08-11,5.900000,5.910000,5.820000,5.830000,5.342593,3749100
2014-08-12,5.780000,5.820000,5.740000,5.740000,5.284592,3212900
2014-08-13,5.750000,5.760000,5.500000,5.590000,5.146493,8453800
2014-08-14,5.590000,5.610000,5.530000,5.560000,5.118873,11583100
2014-08-15,5.610000,5.620000,5.480000,5.550000,5.109666,5229500
2014-08-18,5.580000,5.600000,5.510000,5.570000,5.128080,3623100
2014-08-19,5.570000,5.710000,5.570000,5.650000,5.201733,9863500
2014-08-20,5.660000,5.720000,5.630000,5.660000,5.210940,2473400
2014-08-21,5.690000,5.710000,5.640000,5.660000,5.210940,4745400
2014-08-22,5.650000,5.700000,5.630000,5.670000,5.220146,3640100
2014-08-25,5.720000,5.780000,5.670000,5.750000,5.293798,6328900
2014-08-26,5.800000,5.970000,5.780000,5.930000,5.459517,6762300
2014-08-27,5.960000,6.050000,5.930000,6.020000,5.542377,5219800
2014-08-28,5.940000,5.950000,5.730000,5.770000,5.312211,8164300
2014-08-29,5.780000,5.800000,5.660000,5.790000,5.330625,3867700
2014-09-02,5.700000,5.870000,5.700000,5.840000,5.376658,6561200
2014-09-03,5.880000,6.070000,5.880000,5.980000,5.505550,8872300
2014-09-04,6.050000,6.150000,6.050000,6.050000,5.569997,5647300
2014-09-05,6.040000,6.080000,5.920000,6.020000,5.542377,4795200
2014-09-08,5.990000,6.040000,5.780000,5.810000,5.349038,7819500
2014-09-09,5.680000,5.720000,5.590000,5.630000,5.183320,7222600
2014-09-10,5.530000,5.540000,5.390000,5.440000,5.008394,11173300
2014-09-11,5.430000,5.440000,5.340000,5.380000,4.953155,8772700
2014-09-12,5.280000,5.370000,5.270000,5.320000,4.897914,6715000
2014-09-15,5.360000,5.410000,5.270000,5.310000,4.888708,3790800
2014-09-16,5.320000,5.400000,5.310000,5.330000,4.907121,7466400
2014-09-17,5.360000,5.410000,5.300000,5.340000,4.916327,8633200
2014-09-18,5.290000,5.440000,5.270000,5.340000,4.916327,7380400
2014-09-19,5.370000,5.400000,5.310000,5.350000,4.925534,6319700
2014-09-22,5.230000,5.260000,5.100000,5.160000,4.750608,4442100
2014-09-23,5.140000,5.220000,5.090000,5.100000,4.695369,3298000
2014-09-24,5.110000,5.190000,5.080000,5.150000,4.741402,5923500
2014-09-25,5.110000,5.140000,5.050000,5.100000,4.695369,6630800
2014-09-26,5.050000,5.060000,5.010000,5.010000,4.612509,5143500
2014-09-29,4.840000,4.980000,4.810000,4.860000,4.474411,8033400
2014-09-30,4.840000,4.860000,4.710000,4.800000,4.419171,7496700
2014-10-01,4.780000,4.880000,4.690000,4.730000,4.354724,5360300
2014-10-02,4.750000,4.860000,4.690000,4.830000,4.446791,5530700
2014-10-03,4.840000,4.910000,4.750000,4.870000,4.483618,5410900
2014-10-06,5.190000,5.190000,4.930000,4.930000,4.538857,8634000
2014-10-07,5.000000,5.050000,4.900000,4.930000,4.538857,6146300
2014-10-08,4.970000,4.990000,4.860000,4.890000,4.502030,9933200
2014-10-09,4.950000,4.960000,4.780000,4.800000,4.419171,8808400
2014-10-10,4.650000,4.750000,4.550000,4.560000,4.198212,8595400
2014-10-13,4.640000,4.780000,4.620000,4.720000,4.345517,8646400
2014-10-14,4.720000,4.860000,4.680000,4.800000,4.419171,7039100
2014-10-15,4.700000,4.740000,4.580000,4.660000,4.290278,8131800
2014-10-16,4.480000,4.580000,4.460000,4.510000,4.152180,7778000
2014-10-17,4.620000,4.640000,4.550000,4.600000,4.235040,6667900
2014-10-20,4.530000,4.570000,4.470000,4.500000,4.142973,4580300
2014-10-21,4.320000,4.460000,4.300000,4.450000,4.096940,8139800
2014-10-22,4.410000,4.480000,4.380000,4.420000,4.069319,5106900
2014-10-23,4.430000,4.710000,4.410000,4.590000,4.225832,19284300
2014-10-24,4.610000,4.800000,4.600000,4.710000,4.336312,8698400
2014-10-27,4.470000,4.600000,4.420000,4.470000,4.115353,10580600
2014-10-28,4.490000,4.570000,4.450000,4.540000,4.179798,13165000
2014-10-29,4.420000,4.660000,4.410000,4.500000,4.142973,10513800
2014-10-30,4.450000,4.530000,4.420000,4.480000,4.124559,6130500
2014-10-31,4.420000,4.550000,4.400000,4.530000,4.170593,7509400
2014-11-03,4.500000,4.520000,4.380000,4.440000,4.087733,5211800
2014-11-04,4.490000,4.620000,4.400000,4.530000,4.170593,4617500
2014-11-05,4.560000,4.620000,4.500000,4.510000,4.152180,5263200
2014-11-06,4.420000,4.480000,4.400000,4.420000,4.069319,6332200
2014-11-07,4.450000,4.570000,4.450000,4.530000,4.170593,4169400
2014-11-10,4.570000,4.610000,4.440000,4.470000,4.115353,3855700
2014-11-11,4.320000,4.390000,4.310000,4.380000,4.032494,4062600
2014-11-12,4.460000,4.500000,4.340000,4.360000,4.014080,2930900
2014-11-13,4.370000,4.410000,4.190000,4.230000,3.894394,8511600
2014-11-14,4.140000,4.270000,4.130000,4.190000,3.857568,9011300
2014-11-17,4.260000,4.260000,4.090000,4.100000,3.774708,6364200
2014-11-18,4.060000,4.080000,4.000000,4.030000,3.728450,8300000
2014-11-19,4.100000,4.100000,4.020000,4.080000,3.774709,7237200
2014-11-20,4.090000,4.140000,4.060000,4.090000,3.783961,4100300
2014-11-21,4.230000,4.330000,4.210000,4.330000,4.006002,11540800
2014-11-24,4.310000,4.420000,4.250000,4.310000,3.987499,4576800
2014-11-25,4.360000,4.370000,4.300000,4.340000,4.015253,3010400
2014-11-26,4.330000,4.360000,4.190000,4.240000,3.922735,3211000
2014-11-28,4.260000,4.270000,4.170000,4.170000,3.857974,3348800
2014-12-01,4.130000,4.130000,4.000000,4.020000,3.719198,5523600
2014-12-02,4.030000,4.050000,3.950000,3.960000,3.663688,4712700
2014-12-03,4.000000,4.050000,3.970000,4.000000,3.700695,3564700
2014-12-04,3.920000,3.960000,3.880000,3.910000,3.617429,2803900
2014-12-05,3.910000,3.970000,3.850000,3.930000,3.635932,5759700
2014-12-08,3.920000,3.930000,3.750000,3.780000,3.497156,4365500
2014-12-09,3.650000,3.670000,3.560000,3.610000,3.339876,10301400
2014-12-10,3.630000,3.640000,3.500000,3.510000,3.247360,6725700
2014-12-11,3.440000,3.470000,3.350000,3.360000,3.108583,6862500
2014-12-12,3.360000,3.370000,3.100000,3.130000,2.895794,15234200
2014-12-15,3.150000,3.150000,2.990000,2.990000,2.766269,7550100
2014-12-16,3.070000,3.230000,3.010000,3.170000,2.932801,9321500
2014-12-17,3.230000,3.450000,3.200000,3.350000,3.099331,8302100
2014-12-18,3.510000,3.570000,3.430000,3.440000,3.182597,6655100
2014-12-19,3.460000,3.660000,3.450000,3.580000,3.312121,6361500
2014-12-22,3.540000,3.570000,3.500000,3.560000,3.293618,4820800
2014-12-23,3.540000,3.650000,3.510000,3.640000,3.367632,3546400
2014-12-24,3.640000,3.640000,3.460000,3.560000,3.293618,1780300
2014-12-26,3.580000,3.630000,3.490000,3.530000,3.265863,2314000
2014-12-29,3.530000,3.600000,3.520000,3.540000,3.275115,2532500
2014-12-30,3.650000,3.680000,3.550000,3.590000,3.321373,4464300
2014-12-31,3.570000,3.580000,3.480000,3.550000,3.284367,3448500
2015-01-02,3.500000,3.500000,3.350000,3.420000,3.164094,5249000
2015-01-05,3.240000,3.290000,3.180000,3.230000,2.988310,7806400
2015-01-06,3.510000,3.610000,3.470000,3.540000,3.275115,9803100
2015-01-07,3.870000,3.890000,3.770000,3.830000,3.543415,11761400
2015-01-08,3.750000,3.920000,3.750000,3.820000,3.534163,7208300
2015-01-09,3.740000,3.800000,3.680000,3.730000,3.450898,5999000
2015-01-12,3.540000,3.620000,3.510000,3.550000,3.284367,8684100
2015-01-13,3.630000,3.660000,3.470000,3.520000,3.256611,7349500
2015-01-14,3.320000,3.450000,3.300000,3.440000,3.182597,17870500
2015-01-15,3.470000,3.510000,3.400000,3.430000,3.173345,9164700
2015-01-16,3.510000,3.680000,3.500000,3.620000,3.349128,6443100
2015-01-20,3.520000,3.580000,3.460000,3.560000,3.293618,5644000
2015-01-21,3.490000,3.580000,3.460000,3.560000,3.293618,6079800
2015-01-22,3.600000,3.660000,3.510000,3.600000,3.330625,10024600
2015-01-23,3.510000,3.520000,3.450000,3.460000,3.201101,5180100
2015-01-26,3.430000,3.510000,3.400000,3.470000,3.210352,5180200
2015-01-27,3.340000,3.480000,3.330000,3.450000,3.191849,6630600
2015-01-28,3.380000,3.480000,3.370000,3.410000,3.154842,5952200
2015-01-29,3.510000,3.550000,3.390000,3.430000,3.173345,7069200
2015-01-30,3.300000,3.500000,3.270000,3.450000,3.191849,7252900
2015-02-02,3.410000,3.580000,3.410000,3.530000,3.265863,6359300
2015-02-03,3.650000,3.680000,3.600000,3.620000,3.349128,4953200
2015-02-04,3.500000,3.550000,3.490000,3.500000,3.238107,5157400
2015-02-05,3.500000,3.590000,3.500000,3.530000,3.265863,5334600
2015-02-06,3.430000,3.560000,3.430000,3.530000,3.265863,6618400
2015-02-09,3.660000,3.800000,3.630000,3.730000,3.450898,8076200
2015-02-10,3.600000,3.620000,3.450000,3.460000,3.201101,6553800
2015-02-11,3.470000,3.550000,3.440000,3.530000,3.265863,5732400
2015-02-12,3.560000,3.600000,3.440000,3.500000,3.238107,5750500
2015-02-13,3.560000,3.640000,3.530000,3.590000,3.321373,5198900
2015-02-17,3.580000,3.670000,3.550000,3.610000,3.339876,2530800
2015-02-18,3.850000,4.000000,3.610000,3.640000,3.367632,4113500
2015-02-19,3.570000,3.600000,3.460000,3.590000,3.321373,5315400
2015-02-20,3.550000,3.600000,3.510000,3.580000,3.312121,5042500
2015-02-23,3.550000,3.560000,3.470000,3.480000,3.219604,8468100
2015-02-24,3.520000,3.600000,3.460000,3.580000,3.312121,3470700
2015-02-25,3.570000,3.590000,3.510000,3.550000,3.284367,3274600
2015-02-26,3.490000,3.570000,3.420000,3.510000,3.247360,3928200
2015-02-27,3.530000,3.610000,3.530000,3.570000,3.302870,3246200
2015-03-02,3.570000,3.570000,3.370000,3.390000,3.136339,4133600
2015-03-03,3.380000,3.450000,3.380000,3.440000,3.182597,5192100
2015-03-04,3.500000,3.570000,3.460000,3.500000,3.238107,6467000
2015-03-05,3.560000,3.580000,3.510000,3.530000,3.265863,4265300
2015-03-06,3.420000,3.520000,3.400000,3.500000,3.238107,6211100
2015-03-09,3.500000,3.570000,3.450000,3.500000,3.238107,5360800
2015-03-10,3.550000,3.610000,3.500000,3.540000,3.275115,15042500
2015-03-11,3.500000,3.530000,3.450000,3.470000,3.210352,4751900
2015-03-12,3.530000,3.560000,3.410000,3.430000,3.173345,4636300
2015-03-13,3.370000,3.430000,3.290000,3.330000,3.080828,13901600
2015-03-16,3.380000,3.390000,3.270000,3.330000,3.080828,10846400
2015-03-17,3.300000,3.440000,3.280000,3.430000,3.196383,5330500
2015-03-18,3.390000,3.560000,3.360000,3.520000,3.280253,7864700
2015-03-19,3.460000,3.490000,3.390000,3.390000,3.159107,5616300
2015-03-20,3.410000,3.460000,3.400000,3.460000,3.224339,5345600
2015-03-23,3.480000,3.540000,3.460000,3.530000,3.289572,3455100
2015-03-24,3.530000,3.550000,3.400000,3.490000,3.252296,4048000
2015-03-25,3.510000,3.530000,3.460000,3.480000,3.242977,3048300
2015-03-26,3.480000,3.490000,3.390000,3.440000,3.205701,6446700
2015-03-27,3.330000,3.350000,3.050000,3.060000,2.851583,14644300
2015-03-30,3.130000,3.250000,3.110000,3.190000,2.972729,6165200
2015-03-31,3.190000,3.230000,3.150000,3.200000,2.982048,5201500
2015-04-01,3.250000,3.310000,3.210000,3.250000,3.028642,4513500
2015-04-02,3.240000,3.250000,3.190000,3.220000,3.000685,3615100
2015-04-06,3.220000,3.250000,3.200000,3.220000,3.000685,4838800
2015-04-07,3.210000,3.220000,3.150000,3.170000,2.954091,8651400
2015-04-08,3.220000,3.250000,3.150000,3.160000,2.944772,4361400
2015-04-09,3.190000,3.260000,3.160000,3.180000,2.963410,5326000
2015-04-10,3.180000,3.210000,3.110000,3.130000,2.916816,2602800
2015-04-13,3.130000,3.140000,3.060000,3.110000,2.898177,3122800
2015-04-14,3.130000,3.240000,3.110000,3.220000,3.000685,6178800
2015-04-15,3.240000,3.340000,3.230000,3.320000,3.093875,6075300
2015-04-16,3.300000,3.310000,3.180000,3.190000,2.972729,4485900
2015-04-17,3.130000,3.140000,3.010000,3.050000,2.842264,6005200
2015-04-20,3.070000,3.150000,3.060000,3.110000,2.898177,3830800
2015-04-21,3.140000,3.140000,3.070000,3.080000,2.870221,1727400
2015-04-22,3.150000,3.290000,3.150000,3.280000,3.056599,8854400
2015-04-23,3.280000,3.470000,3.280000,3.460000,3.224339,8900200
2015-04-24,3.530000,3.630000,3.500000,3.630000,3.382761,11698200
2015-04-27,3.620000,3.700000,3.490000,3.510000,3.270934,5182700
2015-04-28,3.550000,3.580000,3.430000,3.440000,3.205701,4208100
2015-04-29,3.400000,3.410000,3.330000,3.340000,3.112512,3571200
2015-04-30,3.320000,3.400000,3.270000,3.360000,3.131150,4275600
2015-05-01,3.380000,3.400000,3.300000,3.380000,3.149789,2383300
2015-05-04,3.340000,3.420000,3.310000,3.400000,3.168426,4232100
2015-05-05,3.410000,3.560000,3.390000,3.520000,3.280253,7810800
2015-05-06,3.520000,3.520000,3.370000,3.370000,3.140469,5014000
2015-05-07,3.340000,3.340000,3.260000,3.300000,3.075237,2978100
2015-05-08,3.400000,3.530000,3.350000,3.480000,3.242977,8112600
2015-05-11,3.500000,3.550000,3.420000,3.420000,3.187064,4708500
2015-05-12,3.430000,3.470000,3.340000,3.360000,3.131150,3147400
2015-05-13,3.350000,3.350000,3.240000,3.270000,3.047280,5401400
2015-05-14,3.280000,3.360000,3.250000,3.350000,3.121831,3419700
2015-05-15,3.340000,3.370000,3.290000,3.330000,3.103194,2130500
2015-05-18,3.320000,3.320000,3.220000,3.220000,3.000685,8272000
2015-05-19,3.200000,3.220000,3.090000,3.120000,2.907496,3738400
2015-05-20,3.130000,3.180000,3.070000,3.160000,2.944772,4596000
2015-05-21,3.080000,3.120000,3.040000,3.100000,2.907259,3857700
2015-05-22,3.100000,3.120000,2.980000,2.990000,2.804098,6361800
2015-05-26,2.950000,2.960000,2.840000,2.870000,2.691559,15471700
2015-05-27,2.820000,2.930000,2.780000,2.890000,2.710316,7480900
2015-05-28,2.840000,2.850000,2.770000,2.810000,2.635290,9031300
2015-05-29,2.800000,2.840000,2.770000,2.770000,2.597777,4193100
2015-06-01,2.760000,2.820000,2.730000,2.810000,2.635290,8479400
2015-06-02,2.850000,2.920000,2.850000,2.890000,2.710316,4447500
2015-06-03,2.870000,2.940000,2.830000,2.850000,2.672803,4014000
2015-06-04,2.850000,2.870000,2.780000,2.800000,2.625911,1619300
2015-06-05,2.790000,2.820000,2.750000,2.780000,2.607155,3116400
2015-06-08,2.770000,2.780000,2.730000,2.770000,2.597777,2747500
2015-06-09,2.790000,2.850000,2.760000,2.770000,2.597777,3853300
2015-06-10,2.850000,2.890000,2.690000,2.720000,2.550886,7175700
2015-06-11,2.700000,2.810000,2.690000,2.810000,2.635290,6826600
2015-06-12,2.780000,2.780000,2.750000,2.770000,2.597777,4414800
2015-06-15,2.720000,2.760000,2.700000,2.710000,2.541507,3213400
2015-06-16,2.710000,2.710000,2.660000,2.660000,2.494616,2401900
2015-06-17,2.640000,2.660000,2.590000,2.630000,2.466481,4221100
2015-06-18,2.630000,2.670000,2.590000,2.640000,2.475859,4606400
2015-06-19,2.610000,2.660000,2.600000,2.630000,2.466481,2172900
2015-06-22,2.670000,2.680000,2.600000,2.610000,2.447725,1983800
2015-06-23,2.600000,2.610000,2.560000,2.580000,2.419590,2063500
2015-06-24,2.560000,2.560000,2.440000,2.460000,2.307051,5911300
2015-06-25,2.430000,2.470000,2.410000,2.420000,2.269538,5881600
2015-06-26,2.430000,2.470000,2.420000,2.470000,2.316429,1839000
2015-06-29,2.420000,2.530000,2.400000,2.530000,2.372699,12436600
2015-06-30,2.520000,2.540000,2.390000,2.410000,2.260159,3976400
2015-07-01,2.400000,2.410000,2.280000,2.290000,2.147620,3247100
2015-07-02,2.270000,2.290000,2.210000,2.250000,2.110107,6596000
2015-07-06,2.100000,2.230000,2.090000,2.160000,2.025703,5897600
2015-07-07,2.160000,2.240000,2.100000,2.200000,2.063216,8625800
2015-07-08,2.170000,2.210000,2.110000,2.150000,2.016325,6164200
2015-07-09,2.200000,2.220000,2.120000,2.120000,1.988190,3711800
2015-07-10,2.180000,2.180000,2.120000,2.140000,2.006947,3414000
2015-07-13,2.150000,2.290000,2.080000,2.270000,2.128864,5543400
2015-07-14,2.160000,2.180000,2.060000,2.100000,1.969434,8777200
2015-07-15,2.120000,2.130000,2.090000,2.100000,1.969434,2873300
2015-07-16,2.110000,2.110000,2.060000,2.080000,1.950677,4236800
2015-07-17,2.080000,2.090000,1.950000,1.970000,1.847516,7350800
2015-07-20,1.940000,1.980000,1.900000,1.920000,1.800625,8500800
2015-07-21,1.890000,2.020000,1.880000,1.960000,1.838138,10698600
2015-07-22,1.910000,1.910000,1.800000,1.860000,1.744356,5088600
2015-07-23,1.810000,1.870000,1.810000,1.850000,1.734977,4879800
2015-07-24,1.850000,1.850000,1.740000,1.750000,1.641195,4427700
2015-07-27,1.750000,1.780000,1.650000,1.690000,1.584925,6384700
2015-07-28,1.710000,1.780000,1.690000,1.760000,1.650573,3913700
2015-07-29,1.760000,1.810000,1.750000,1.800000,1.688086,3994700
2015-07-30,1.810000,1.840000,1.700000,1.720000,1.613060,3149100
2015-07-31,1.740000,1.750000,1.690000,1.730000,1.622438,3020800
2015-08-03,1.730000,1.760000,1.710000,1.720000,1.613060,1352500
2015-08-04,1.720000,1.760000,1.720000,1.760000,1.650573,2839400
2015-08-05,1.810000,1.850000,1.790000,1.790000,1.678708,6543600
2015-08-06,1.810000,1.830000,1.740000,1.790000,1.678708,3217700
2015-08-07,1.740000,1.750000,1.700000,1.710000,1.603682,4115700
2015-08-10,1.690000,1.780000,1.660000,1.770000,1.659951,6063500
2015-08-11,1.700000,1.720000,1.650000,1.670000,1.566169,6362700
2015-08-12,1.680000,1.720000,1.640000,1.690000,1.584925,8749900
2015-08-13,1.690000,1.690000,1.590000,1.610000,1.509899,4285800
2015-08-14,1.630000,1.670000,1.590000,1.620000,1.519277,3214500
2015-08-17,1.620000,1.680000,1.610000,1.650000,1.547412,2244900
2015-08-18,1.640000,1.670000,1.610000,1.620000,1.519277,4691600
2015-08-19,1.610000,1.630000,1.540000,1.560000,1.463008,2957300
2015-08-20,1.560000,1.590000,1.520000,1.560000,1.463008,3166300
2015-08-21,1.510000,1.520000,1.470000,1.480000,1.387982,4910000
2015-08-24,1.340000,1.410000,1.320000,1.330000,1.247308,3554300
2015-08-25,1.380000,1.380000,1.270000,1.290000,1.222665,4565200
2015-08-26,1.270000,1.370000,1.230000,1.360000,1.289011,6830300
2015-08-27,1.400000,1.550000,1.400000,1.540000,1.459616,9172300
2015-08-28,1.510000,1.570000,1.460000,1.480000,1.402748,3432100
2015-08-31,1.390000,1.480000,1.380000,1.480000,1.402748,6653500
2015-09-01,1.410000,1.520000,1.400000,1.470000,1.393269,7155000
2015-09-02,1.540000,1.620000,1.530000,1.620000,1.535440,5714700
2015-09-03,1.590000,1.650000,1.540000,1.590000,1.507006,3371300
2015-09-04,1.540000,1.590000,1.530000,1.560000,1.478572,2570200
2015-09-08,1.650000,1.660000,1.600000,1.660000,1.573352,3890700
2015-09-09,1.740000,1.750000,1.640000,1.640000,1.554396,4836800
2015-09-10,1.620000,1.740000,1.590000,1.730000,1.639698,4217400
2015-09-11,1.770000,1.770000,1.680000,1.720000,1.630220,4266100
2015-09-14,1.710000,1.710000,1.590000,1.660000,1.573352,2733700
2015-09-15,1.590000,1.700000,1.560000,1.650000,1.563874,3518600
2015-09-16,1.660000,1.730000,1.660000,1.690000,1.601786,5200800
2015-09-17,1.680000,1.730000,1.630000,1.680000,1.592308,2478000
2015-09-18,1.680000,1.690000,1.560000,1.580000,1.497528,4463500
2015-09-21,1.590000,1.610000,1.560000,1.560000,1.478572,2849100
2015-09-22,1.510000,1.540000,1.480000,1.500000,1.421704,4416900
2015-09-23,1.490000,1.500000,1.420000,1.430000,1.355358,5470400
2015-09-24,1.380000,1.560000,1.350000,1.530000,1.450138,5246900
2015-09-25,1.560000,1.580000,1.510000,1.540000,1.459616,3352500
2015-09-28,1.510000,1.510000,1.430000,1.430000,1.355358,2303600
2015-09-29,1.460000,1.470000,1.390000,1.420000,1.345879,7430800
2015-09-30,1.460000,1.460000,1.320000,1.370000,1.298489,7410200
2015-10-01,1.390000,1.420000,1.330000,1.380000,1.307967,4540700
2015-10-02,1.340000,1.450000,1.330000,1.440000,1.364835,5357800
2015-10-05,1.460000,1.550000,1.440000,1.540000,1.459616,3309100
2015-10-06,1.550000,1.610000,1.540000,1.580000,1.497528,2742200
2015-10-07,1.630000,1.730000,1.630000,1.670000,1.582830,7650900
2015-10-08,1.650000,1.770000,1.650000,1.740000,1.649176,4885500
2015-10-09,1.790000,1.840000,1.790000,1.790000,1.696566,7283900
2015-10-12,1.800000,1.810000,1.730000,1.740000,1.649176,1749300
2015-10-13,1.710000,1.710000,1.610000,1.630000,1.544918,7249000
2015-10-14,1.640000,1.690000,1.620000,1.650000,1.563874,7096800
2015-10-15,1.680000,1.700000,1.620000,1.690000,1.601786,4088100
2015-10-16,1.700000,1.700000,1.630000,1.640000,1.554396,3256300
2015-10-19,1.590000,1.620000,1.550000,1.570000,1.488050,2760400
2015-10-20,1.590000,1.600000,1.540000,1.560000,1.478572,3094200
2015-10-21,1.560000,1.590000,1.550000,1.570000,1.488050,3530300
2015-10-22,1.570000,1.580000,1.510000,1.540000,1.459616,7131500
2015-10-23,1.540000,1.560000,1.480000,1.490000,1.412226,8457100
2015-10-26,1.500000,1.520000,1.450000,1.470000,1.393269,2884000
2015-10-27,1.460000,1.470000,1.450000,1.460000,1.383792,5488000
2015-10-28,1.440000,1.470000,1.370000,1.410000,1.336401,6275800
2015-10-29,1.450000,1.470000,1.400000,1.400000,1.326923,14040200
2015-10-30,1.400000,1.420000,1.380000,1.390000,1.317445,7444800
2015-11-02,1.400000,1.480000,1.400000,1.450000,1.374314,4171400
2015-11-03,1.460000,1.610000,1.450000,1.560000,1.478572,9868300
2015-11-04,1.560000,1.590000,1.490000,1.530000,1.450138,4646500
2015-11-05,1.510000,1.560000,1.500000,1.530000,1.450138,3481700
2015-11-06,1.510000,1.510000,1.440000,1.470000,1.393269,7728600
2015-11-09,1.480000,1.500000,1.440000,1.450000,1.374314,7962100
2015-11-10,1.450000,1.510000,1.430000,1.480000,1.412489,7848300
2015-11-11,1.540000,1.550000,1.480000,1.500000,1.431577,5623900
2015-11-12,1.390000,1.440000,1.380000,1.430000,1.364770,8409500
2015-11-13,1.390000,1.420000,1.360000,1.380000,1.317051,8618300
2015-11-16,1.350000,1.390000,1.330000,1.360000,1.297963,5788200
2015-11-17,1.320000,1.410000,1.310000,1.360000,1.297963,10268000
2015-11-18,1.500000,1.550000,1.400000,1.470000,1.402945,12140700
2015-11-19,1.490000,1.570000,1.480000,1.560000,1.488840,12109300
2015-11-20,1.580000,1.620000,1.530000,1.580000,1.507927,4427700
2015-11-23,1.560000,1.630000,1.540000,1.560000,1.488840,15315400
2015-11-24,1.600000,1.700000,1.580000,1.680000,1.603366,11653700
2015-11-25,1.660000,1.730000,1.660000,1.660000,1.584278,6603400
2015-11-27,1.630000,1.660000,1.600000,1.610000,1.536559,5446900
2015-11-30,1.560000,1.610000,1.550000,1.580000,1.507927,10998100
2015-12-01,1.590000,1.610000,1.510000,1.540000,1.469752,4174700
2015-12-02,1.560000,1.580000,1.510000,1.550000,1.479296,6010500
2015-12-03,1.600000,1.630000,1.570000,1.580000,1.507927,3817900
2015-12-04,1.510000,1.510000,1.430000,1.470000,1.402945,6716600
2015-12-07,1.470000,1.470000,1.390000,1.420000,1.355226,3282000
2015-12-08,1.350000,1.370000,1.310000,1.340000,1.278875,6477400
2015-12-09,1.360000,1.410000,1.320000,1.350000,1.288419,4477400
2015-12-10,1.330000,1.350000,1.310000,1.330000,1.269332,6008300
2015-12-11,1.300000,1.310000,1.250000,1.260000,1.202524,4252100
2015-12-14,1.250000,1.290000,1.210000,1.230000,1.173893,4661600
2015-12-15,1.280000,1.300000,1.250000,1.290000,1.231156,2636900
2015-12-16,1.260000,1.300000,1.230000,1.270000,1.212068,5951300
2015-12-17,1.290000,1.300000,1.210000,1.220000,1.164349,4449400
2015-12-18,1.240000,1.280000,1.190000,1.190000,1.135718,6693800
2015-12-21,1.240000,1.260000,1.160000,1.170000,1.116630,6068800
2015-12-22,1.190000,1.210000,1.160000,1.190000,1.135718,2639400
2015-12-23,1.240000,1.240000,1.210000,1.240000,1.183437,4941600
2015-12-24,1.240000,1.250000,1.190000,1.200000,1.145261,820200
2015-12-28,1.230000,1.250000,1.210000,1.210000,1.154805,4128500
2015-12-29,1.230000,1.240000,1.200000,1.220000,1.164349,4362400
2015-12-30,1.190000,1.200000,1.180000,1.190000,1.135718,3002700
2015-12-31,1.190000,1.210000,1.170000,1.200000,1.145261,1612800
2016-01-04,1.160000,1.170000,1.120000,1.150000,1.097542,3503300
2016-01-05,1.140000,1.140000,1.080000,1.080000,1.030735,4854300
2016-01-06,1.050000,1.050000,0.990000,1.000000,0.954384,6761500
2016-01-07,0.960000,0.970000,0.910000,0.930000,0.887577,5214100
2016-01-08,1.000000,1.010000,0.900000,0.910000,0.868490,4336100
2016-01-11,1.000000,1.010000,0.920000,0.930000,0.887577,4047400
2016-01-12,0.930000,0.940000,0.890000,0.930000,0.887577,3483200
2016-01-13,0.920000,0.940000,0.850000,0.860000,0.820771,2305300
2016-01-14,0.860000,0.890000,0.830000,0.890000,0.849402,2583700
2016-01-15,0.850000,0.870000,0.840000,0.850000,0.811227,1946700
2016-01-19,0.910000,0.910000,0.830000,0.830000,0.792139,2741600
2016-01-20,0.820000,0.860000,0.810000,0.860000,0.820771,4680500
2016-01-21,0.850000,0.850000,0.790000,0.800000,0.763508,3250500
2016-01-22,0.830000,0.850000,0.800000,0.850000,0.811227,5833700
2016-01-25,0.850000,0.860000,0.810000,0.810000,0.773051,1332400
2016-01-26,0.820000,0.840000,0.800000,0.840000,0.801683,2736100
2016-01-27,0.820000,0.840000,0.810000,0.840000,0.801683,3479900
2016-01-28,0.850000,0.860000,0.810000,0.850000,0.811227,5852400
2016-01-29,0.890000,0.940000,0.860000,0.910000,0.868490,5553200
2016-02-01,0.910000,0.970000,0.890000,0.950000,0.906665,2681000
2016-02-02,1.000000,1.000000,0.930000,0.940000,0.897121,4433000
2016-02-03,0.980000,0.990000,0.930000,0.990000,0.944840,5736500
2016-02-04,1.070000,1.190000,1.030000,1.140000,1.087998,9143300
2016-02-05,1.110000,1.130000,1.070000,1.070000,1.021191,1988300
2016-02-08,1.090000,1.090000,1.010000,1.010000,0.963928,1462800
2016-02-09,1.000000,1.030000,0.970000,1.000000,0.954384,1560100
2016-02-10,1.030000,1.090000,0.980000,1.040000,0.992560,3298200
2016-02-11,1.030000,1.040000,0.920000,0.930000,0.887577,1945900
2016-02-12,0.970000,0.970000,0.940000,0.950000,0.906665,2727300
2016-02-16,1.000000,1.070000,0.980000,1.030000,0.983016,5258800
2016-02-17,1.080000,1.140000,1.030000,1.070000,1.021191,6011900
2016-02-18,1.080000,1.080000,1.010000,1.030000,0.983016,2017300
2016-02-19,1.020000,1.040000,1.000000,1.030000,0.983016,2130100
2016-02-22,1.070000,1.090000,1.040000,1.080000,1.030735,7207400
2016-02-23,1.060000,1.060000,0.980000,0.990000,0.944840,4476800
2016-02-24,0.950000,0.980000,0.930000,0.950000,0.906665,6242400
2016-02-25,0.930000,0.930000,0.870000,0.920000,0.878034,6929000
2016-02-26,0.920000,0.930000,0.870000,0.870000,0.830315,3462400
2016-02-29,0.880000,0.910000,0.880000,0.880000,0.839858,7309500
2016-03-01,0.920000,0.920000,0.900000,0.910000,0.868490,17714400
2016-03-02,0.920000,0.970000,0.900000,0.950000,0.906665,9289000
2016-03-03,1.030000,1.060000,1.000000,1.030000,0.983016,31261100
2016-03-04,1.150000,1.300000,1.110000,1.230000,1.173893,20370700
2016-03-07,1.270000,1.330000,1.250000,1.280000,1.221612,12001900
2016-03-08,1.280000,1.310000,1.200000,1.250000,1.192980,11585200
2016-03-09,1.330000,1.340000,1.270000,1.280000,1.221612,9702100
2016-03-10,1.300000,1.460000,1.300000,1.460000,1.393401,13015500
2016-03-11,1.440000,1.490000,1.350000,1.430000,1.364770,12040500
2016-03-14,1.380000,1.480000,1.370000,1.430000,1.364770,7956600
2016-03-15,1.360000,1.360000,1.200000,1.260000,1.202524,6530300
2016-03-16,1.190000,1.350000,1.190000,1.330000,1.269332,7597300
2016-03-17,1.460000,1.500000,1.390000,1.500000,1.431577,10857200
2016-03-18,1.500000,1.560000,1.480000,1.560000,1.488840,8173400
2016-03-21,1.560000,1.630000,1.540000,1.630000,1.555647,9837900
2016-03-22,1.620000,1.730000,1.610000,1.720000,1.641541,8849700
2016-03-23,1.690000,1.700000,1.540000,1.570000,1.498384,12954200
2016-03-24,1.540000,1.620000,1.450000,1.590000,1.517471,15044300
2016-03-28,1.650000,1.700000,1.580000,1.700000,1.622453,8187500
2016-03-29,1.640000,1.720000,1.580000,1.660000,1.584278,5161200
2016-03-30,1.730000,1.930000,1.720000,1.820000,1.736980,27243900
2016-03-31,1.830000,1.860000,1.770000,1.780000,1.698804,8994900
2016-04-01,1.760000,1.960000,1.760000,1.930000,1.841962,12667400
2016-04-04,1.910000,1.940000,1.740000,1.760000,1.679717,8538900
2016-04-05,1.730000,1.820000,1.680000,1.790000,1.708348,8096800
2016-04-06,1.740000,1.760000,1.640000,1.710000,1.631997,11319500
2016-04-07,1.690000,1.740000,1.620000,1.620000,1.546103,4607600
2016-04-08,1.730000,1.860000,1.720000,1.850000,1.765611,10319400
2016-04-11,1.940000,2.030000,1.940000,2.000000,1.908769,13355400
2016-04-12,2.060000,2.180000,2.020000,2.170000,2.071014,12429600
2016-04-13,2.280000,2.480000,2.240000,2.350000,2.242803,24536700
2016-04-14,2.320000,2.350000,2.050000,2.120000,2.023295,23267400
2016-04-15,2.110000,2.210000,2.040000,2.210000,2.109190,10520100
2016-04-18,2.130000,2.190000,2.030000,2.050000,1.956488,14832700
2016-04-19,2.090000,2.260000,2.080000,2.250000,2.147365,16674200
2016-04-20,2.250000,2.300000,2.210000,2.270000,2.166453,15061400
2016-04-21,2.250000,2.310000,2.130000,2.180000,2.080558,10567300
2016-04-22,2.180000,2.270000,2.100000,2.140000,2.042383,14476700
2016-04-25,2.130000,2.160000,1.980000,2.010000,1.918313,12802300
2016-04-26,2.020000,2.160000,1.920000,2.160000,2.061471,11290900
2016-04-27,2.150000,2.260000,2.120000,2.260000,2.156909,9651400
2016-04-28,2.300000,2.330000,2.160000,2.180000,2.080558,8479900
2016-04-29,2.240000,2.300000,2.170000,2.230000,2.128277,7054200
2016-05-02,2.200000,2.220000,2.120000,2.140000,2.042383,5089100
2016-05-03,2.060000,2.070000,1.940000,1.960000,1.870593,11183400
2016-05-04,1.920000,2.090000,1.900000,2.040000,1.946944,14058500
2016-05-05,2.100000,2.110000,1.920000,1.930000,1.841962,5145900
2016-05-06,1.900000,2.050000,1.880000,2.040000,1.946944,7336200
2016-05-09,1.980000,1.980000,1.810000,1.900000,1.813330,11335600
2016-05-10,2.000000,2.040000,1.960000,2.010000,1.918313,8128600
2016-05-11,2.080000,2.150000,2.020000,2.090000,1.994663,7256400
2016-05-12,2.080000,2.110000,1.950000,2.000000,1.908769,6579100
2016-05-13,1.980000,2.000000,1.830000,1.850000,1.765611,13815300
2016-05-16,1.890000,1.950000,1.660000,1.720000,1.641541,18066800
2016-05-17,1.620000,1.760000,1.590000,1.710000,1.631997,22434200
2016-05-18,1.640000,1.730000,1.620000,1.630000,1.555647,11791200
2016-05-19,1.600000,1.600000,1.530000,1.570000,1.498384,5439000
2016-05-20,1.610000,1.670000,1.580000,1.620000,1.546103,8283800
2016-05-23,1.580000,1.670000,1.560000,1.620000,1.546103,9586100
2016-05-24,1.640000,1.670000,1.540000,1.580000,1.507927,8309400
2016-05-25,1.600000,1.670000,1.580000,1.610000,1.536559,5825800
2016-05-26,1.630000,1.700000,1.620000,1.670000,1.593822,7280500
2016-05-27,1.620000,1.630000,1.550000,1.580000,1.507927,9268900
2016-05-31,1.550000,1.580000,1.510000,1.540000,1.469752,9704400
2016-06-01,1.540000,1.570000,1.500000,1.560000,1.488840,5545900
2016-06-02,1.540000,1.610000,1.520000,1.580000,1.507927,5873500
2016-06-03,1.620000,1.750000,1.620000,1.690000,1.612910,17692200
2016-06-06,1.730000,1.810000,1.710000,1.790000,1.708348,8233900
2016-06-07,1.770000,1.860000,1.770000,1.790000,1.708348,4682400
2016-06-08,1.870000,1.920000,1.850000,1.920000,1.832418,5285600
2016-06-09,1.890000,1.890000,1.780000,1.790000,1.708348,5011100
2016-06-10,1.700000,1.740000,1.680000,1.680000,1.603366,2620400
2016-06-13,1.630000,1.680000,1.610000,1.660000,1.584278,6314200
2016-06-14,1.660000,1.730000,1.580000,1.610000,1.536559,5707400
2016-06-15,1.640000,1.700000,1.630000,1.680000,1.603366,3445800
2016-06-16,1.660000,1.720000,1.610000,1.710000,1.631997,2650700
2016-06-17,1.760000,1.790000,1.700000,1.720000,1.641541,4835500
2016-06-20,1.770000,1.780000,1.690000,1.710000,1.631997,2401400
2016-06-21,1.720000,1.730000,1.660000,1.680000,1.603366,6137800
2016-06-22,1.690000,1.750000,1.680000,1.700000,1.622453,2684500
2016-06-23,1.740000,1.860000,1.720000,1.860000,1.775155,6545700
2016-06-24,1.710000,1.790000,1.680000,1.700000,1.622453,8369900
2016-06-27,1.740000,1.740000,1.630000,1.660000,1.584278,4175300
2016-06-28,1.730000,1.750000,1.670000,1.710000,1.631997,8202400
2016-06-29,1.760000,1.810000,1.740000,1.750000,1.670173,8865100
2016-06-30,1.750000,1.820000,1.730000,1.820000,1.736980,11683200
2016-07-01,1.820000,1.930000,1.810000,1.900000,1.813330,10090000
2016-07-05,1.870000,1.900000,1.790000,1.790000,1.708348,3764700
2016-07-06,1.790000,1.820000,1.720000,1.800000,1.717892,3844000
2016-07-07,1.830000,1.860000,1.750000,1.760000,1.679717,2828200
2016-07-08,1.830000,1.860000,1.800000,1.840000,1.756067,3327800
2016-07-11,1.870000,1.900000,1.840000,1.880000,1.794243,6964400
2016-07-12,1.940000,2.040000,1.940000,2.010000,1.918313,22141000
2016-07-13,2.000000,2.100000,1.870000,2.080000,1.985120,17607200
2016-07-14,2.150000,2.170000,2.030000,2.040000,1.946944,8057400
2016-07-15,2.040000,2.090000,2.020000,2.070000,1.975576,6640200
2016-07-18,2.070000,2.160000,2.050000,2.140000,2.042383,10172300
2016-07-19,2.120000,2.150000,2.060000,2.090000,1.994663,7962200
2016-07-20,2.080000,2.110000,2.040000,2.040000,1.946944,7523900
2016-07-21,2.080000,2.120000,2.040000,2.060000,1.966032,10238800
2016-07-22,2.090000,2.190000,2.060000,2.180000,2.080558,8450600
2016-07-25,2.210000,2.220000,2.130000,2.160000,2.061471,7725900
2016-07-26,2.180000,2.290000,2.170000,2.290000,2.185540,12539800
2016-07-27,2.320000,2.390000,2.320000,2.350000,2.242803,13389500
2016-07-28,2.330000,2.350000,2.250000,2.310000,2.204628,8259700
2016-07-29,2.330000,2.360000,2.280000,2.360000,2.252347,6704000
2016-08-01,2.390000,2.420000,2.350000,2.360000,2.252347,13078600
2016-08-02,2.380000,2.410000,2.250000,2.250000,2.147365,6051500
2016-08-03,2.240000,2.380000,2.190000,2.380000,2.271435,7101000
2016-08-04,2.460000,2.560000,2.430000,2.530000,2.414593,19461400
2016-08-05,2.590000,2.670000,2.560000,2.670000,2.548206,17041300
2016-08-08,2.660000,2.690000,2.490000,2.540000,2.424136,18526500
2016-08-09,2.600000,2.680000,2.570000,2.580000,2.462312,22453600
2016-08-10,2.740000,2.780000,2.620000,2.700000,2.576838,17617500
2016-08-11,2.740000,2.840000,2.660000,2.840000,2.710452,14266200
2016-08-12,2.800000,2.900000,2.790000,2.790000,2.662733,9376800
2016-08-15,2.840000,3.010000,2.830000,3.000000,2.863153,12797200
2016-08-16,3.010000,3.090000,2.940000,2.960000,2.824978,13632400
2016-08-17,2.870000,3.070000,2.840000,3.040000,2.901329,16274000
2016-08-18,3.140000,3.190000,3.120000,3.150000,3.006311,20002000
2016-08-19,3.150000,3.170000,3.040000,3.140000,2.996767,14727700
2016-08-22,3.120000,3.150000,2.960000,2.960000,2.824978,12602700
2016-08-23,3.050000,3.100000,2.950000,2.960000,2.834554,16933000
2016-08-24,2.900000,2.920000,2.780000,2.780000,2.662183,12489900
2016-08-25,2.840000,2.880000,2.770000,2.790000,2.671759,5799000
2016-08-26,2.840000,2.930000,2.740000,2.770000,2.652606,6473400
2016-08-29,2.770000,2.870000,2.750000,2.840000,2.719640,4359000
2016-08-30,2.840000,2.910000,2.760000,2.790000,2.671759,5481500
2016-08-31,2.820000,2.850000,2.690000,2.760000,2.643030,12207400
2016-09-01,2.770000,2.780000,2.690000,2.700000,2.585573,15026500
2016-09-02,2.780000,2.890000,2.750000,2.890000,2.767521,13658800
2016-09-06,2.940000,2.960000,2.860000,2.960000,2.834554,6141900
2016-09-07,2.980000,3.000000,2.860000,2.910000,2.786673,6936100
2016-09-08,3.000000,3.040000,2.920000,2.990000,2.863282,15656700
2016-09-09,2.900000,2.920000,2.750000,2.760000,2.643030,10881600
2016-09-12,2.700000,2.870000,2.680000,2.860000,2.738792,9916700
2016-09-13,2.790000,2.820000,2.550000,2.570000,2.461083,9814200
2016-09-14,2.580000,2.650000,2.520000,2.590000,2.480235,12145600
2016-09-15,2.600000,2.640000,2.540000,2.620000,2.508963,6969300
2016-09-16,2.540000,2.570000,2.470000,2.550000,2.441930,13635300
2016-09-19,2.610000,2.660000,2.520000,2.550000,2.441930,6877900
2016-09-20,2.610000,2.610000,2.490000,2.540000,2.432354,7256200
2016-09-21,2.620000,2.740000,2.580000,2.710000,2.595149,7808100
2016-09-22,2.780000,2.810000,2.670000,2.670000,2.556844,6643900
2016-09-23,2.630000,2.730000,2.610000,2.670000,2.556844,6985300
2016-09-26,2.600000,2.680000,2.600000,2.640000,2.528116,5135000
2016-09-27,2.650000,2.670000,2.570000,2.660000,2.547268,3822200
2016-09-28,2.700000,2.790000,2.660000,2.790000,2.671759,5321100
2016-09-29,2.790000,2.860000,2.700000,2.730000,2.614301,10951300
2016-09-30,2.770000,2.790000,2.720000,2.720000,2.604725,5160200
2016-10-03,2.730000,2.800000,2.710000,2.800000,2.681335,4750600
2016-10-04,2.760000,2.800000,2.670000,2.680000,2.566421,4351300
2016-10-05,2.740000,2.810000,2.710000,2.800000,2.681335,5567600
2016-10-06,2.780000,2.890000,2.780000,2.870000,2.748368,9288900
2016-10-07,2.950000,3.000000,2.890000,2.980000,2.853706,16148900
2016-10-10,2.990000,3.040000,2.960000,3.010000,2.882435,11880200
2016-10-11,3.010000,3.030000,2.910000,2.910000,2.786673,9143900
2016-10-12,2.900000,2.980000,2.780000,2.900000,2.777097,3751600
2016-10-13,2.860000,2.920000,2.800000,2.900000,2.777097,10526600
2016-10-14,3.000000,3.000000,2.900000,2.900000,2.777097,5377800
2016-10-17,2.930000,2.980000,2.920000,2.950000,2.824978,2809200
2016-10-18,3.040000,3.150000,3.020000,3.110000,2.978197,8723300
2016-10-19,3.100000,3.180000,3.100000,3.160000,3.026078,9533400
2016-10-20,3.130000,3.270000,3.120000,3.230000,3.093111,7494200
2016-10-21,3.210000,3.360000,3.180000,3.340000,3.198449,12995500
2016-10-24,3.520000,3.520000,3.330000,3.350000,3.208026,12028100
2016-10-25,3.250000,3.420000,3.250000,3.350000,3.208026,8401500
2016-10-26,3.290000,3.360000,3.250000,3.340000,3.198449,9370100
2016-10-27,3.400000,3.410000,3.320000,3.320000,3.179297,7587000
2016-10-28,3.420000,3.430000,3.350000,3.400000,3.255907,14439100
2016-10-31,3.460000,3.470000,3.350000,3.430000,3.284635,12737400
2016-11-01,3.420000,3.460000,3.190000,3.230000,3.093111,15522000
2016-11-02,3.230000,3.230000,3.080000,3.120000,2.987773,6418600
2016-11-03,3.190000,3.250000,3.070000,3.100000,2.968621,17199900
2016-11-04,3.100000,3.260000,3.060000,3.170000,3.035654,8615400
2016-11-07,3.360000,3.470000,3.340000,3.450000,3.303787,11376600
2016-11-08,3.400000,3.560000,3.330000,3.500000,3.351669,9964600
2016-11-09,3.550000,3.820000,3.550000,3.740000,3.581497,19217000
2016-11-10,3.780000,3.950000,3.660000,3.690000,3.533616,31131100
2016-11-11,3.680000,3.700000,3.330000,3.610000,3.457007,17469200
2016-11-14,3.650000,3.920000,3.620000,3.910000,3.744293,15863900
2016-11-15,3.850000,3.870000,3.760000,3.780000,3.619802,9136100
2016-11-16,3.750000,3.750000,3.560000,3.700000,3.543192,9565900
2016-11-17,3.740000,3.850000,3.710000,3.720000,3.562345,6155400
2016-11-18,3.810000,3.920000,3.690000,3.870000,3.705988,11744300
2016-11-21,4.020000,4.060000,3.950000,4.000000,3.830478,7800600
2016-11-22,4.170000,4.190000,4.060000,4.180000,4.008863,9612200
2016-11-23,4.070000,4.260000,4.060000,4.260000,4.085588,14002100
2016-11-25,4.160000,4.160000,4.060000,4.130000,3.960910,4705600
2016-11-28,4.190000,4.310000,4.160000,4.280000,4.104769,7034300
2016-11-29,4.170000,4.210000,4.030000,4.090000,3.922548,12859800
2016-11-30,4.060000,4.180000,3.990000,4.040000,3.874595,13695200
2016-12-01,3.960000,3.990000,3.710000,3.780000,3.625240,21859000
2016-12-02,3.570000,3.790000,3.560000,3.740000,3.586878,19671400
2016-12-05,3.830000,3.910000,3.780000,3.860000,3.701965,9394400
2016-12-06,3.750000,3.900000,3.730000,3.890000,3.730736,8322500
2016-12-07,3.930000,4.100000,3.920000,4.100000,3.932138,19173800
2016-12-08,4.100000,4.120000,3.970000,4.050000,3.884186,9708600
2016-12-09,3.980000,4.000000,3.770000,3.810000,3.654011,10718800
2016-12-12,3.660000,3.730000,3.590000,3.670000,3.519743,9624100
2016-12-13,3.620000,3.690000,3.510000,3.520000,3.375885,8681900
2016-12-14,3.330000,3.450000,3.220000,3.220000,3.088167,25921100
2016-12-15,3.290000,3.440000,3.260000,3.410000,3.270388,10609400
2016-12-16,3.380000,3.410000,3.210000,3.220000,3.088167,8295200
2016-12-19,3.290000,3.310000,3.070000,3.100000,2.973080,16269200
2016-12-20,3.160000,3.200000,3.070000,3.180000,3.049805,10607500
2016-12-21,3.260000,3.290000,3.170000,3.190000,3.059396,9409000
2016-12-22,3.190000,3.230000,3.100000,3.140000,3.011443,6892400
2016-12-23,3.160000,3.200000,3.140000,3.180000,3.049805,6815300
2016-12-27,3.260000,3.370000,3.240000,3.330000,3.193664,9504500
2016-12-28,3.450000,3.470000,3.230000,3.240000,3.107349,12118300
2016-12-29,3.290000,3.320000,3.220000,3.220000,3.088167,5248000
2016-12-30,3.210000,3.250000,3.090000,3.140000,3.011443,4269100
2017-01-03,3.410000,3.420000,3.310000,3.370000,3.232026,10544500
2017-01-04,3.410000,3.450000,3.350000,3.410000,3.270388,6144900
2017-01-05,3.520000,3.700000,3.510000,3.650000,3.500563,9295000
2017-01-06,3.620000,3.650000,3.560000,3.560000,3.414247,5139500
2017-01-09,3.700000,3.720000,3.590000,3.590000,3.443019,8913000
2017-01-10,3.700000,3.750000,3.660000,3.720000,3.567696,6412800
2017-01-11,3.700000,3.980000,3.680000,3.960000,3.797870,14178800
2017-01-12,4.000000,4.060000,3.950000,4.010000,3.845824,8613800
2017-01-13,3.970000,4.120000,3.940000,4.050000,3.884186,9709900
2017-01-17,4.000000,4.090000,3.940000,4.030000,3.865005,7082900
2017-01-18,4.030000,4.160000,3.780000,3.860000,3.701965,15270500
2017-01-19,3.820000,3.850000,3.730000,3.780000,3.625240,10397400
2017-01-20,3.770000,3.860000,3.720000,3.830000,3.673193,7300200
2017-01-23,3.920000,4.030000,3.860000,4.020000,3.855414,6369600
2017-01-24,4.050000,4.110000,3.870000,3.940000,3.778689,11217700
2017-01-25,3.950000,3.970000,3.790000,3.950000,3.788280,7420300
2017-01-26,3.890000,3.940000,3.850000,3.920000,3.759508,5499300
2017-01-27,3.950000,3.980000,3.830000,3.950000,3.788280,4184800
2017-01-30,3.890000,3.930000,3.810000,3.850000,3.692374,5444200
2017-01-31,3.870000,3.940000,3.780000,3.830000,3.673193,4714800
2017-02-01,3.900000,3.960000,3.850000,3.960000,3.797870,5705500
2017-02-02,3.990000,4.080000,3.980000,4.040000,3.874595,5624200
2017-02-03,4.010000,4.040000,3.900000,4.030000,3.865005,16520800
2017-02-06,4.040000,4.050000,3.930000,3.960000,3.797870,4342500
2017-02-07,4.020000,4.040000,3.860000,3.880000,3.721146,6914700
2017-02-08,3.830000,3.930000,3.780000,3.930000,3.769099,8744800
2017-02-09,3.930000,4.000000,3.870000,3.980000,3.817051,12840400
2017-02-10,4.030000,4.120000,4.020000,4.120000,3.951319,8041300
2017-02-13,4.200000,4.280000,4.190000,4.220000,4.047225,8946800
2017-02-14,4.240000,4.250000,4.110000,4.230000,4.056816,4365500
2017-02-15,4.280000,4.370000,4.240000,4.280000,4.104769,10385500
2017-02-16,4.380000,4.390000,4.210000,4.330000,4.152722,11531200
2017-02-17,4.240000,4.280000,4.170000,4.270000,4.095179,7703800
2017-02-21,4.370000,4.390000,4.300000,4.360000,4.181494,6168900
2017-02-22,4.250000,4.280000,4.160000,4.220000,4.047225,9647900
2017-02-23,4.290000,4.370000,4.090000,4.140000,3.970501,10642200
2017-02-24,4.070000,4.180000,4.030000,4.100000,3.932138,5712800
2017-02-27,4.090000,4.270000,4.060000,4.220000,4.047225,6736700
2017-02-28,4.160000,4.270000,4.030000,4.070000,3.903367,7846900
2017-03-01,4.190000,4.330000,4.160000,4.240000,4.066407,14404900
2017-03-02,4.220000,4.250000,4.080000,4.110000,3.941729,8514900
2017-03-03,4.130000,4.260000,4.100000,4.240000,4.066407,7067500
2017-03-06,4.230000,4.280000,4.110000,4.120000,3.951319,8936100
2017-03-07,4.270000,4.270000,4.120000,4.130000,3.960910,11617200
2017-03-08,3.900000,3.920000,3.780000,3.780000,3.625240,20812000
2017-03-09,3.840000,3.890000,3.620000,3.720000,3.567696,13584600
2017-03-10,3.790000,3.820000,3.640000,3.750000,3.596468,16147600
2017-03-13,3.750000,3.880000,3.750000,3.870000,3.711555,7624100
2017-03-14,3.810000,3.890000,3.780000,3.860000,3.701965,5546000
2017-03-15,3.910000,4.140000,3.850000,4.110000,3.941729,14748400
2017-03-16,4.180000,4.190000,4.040000,4.060000,3.893776,10681800
2017-03-17,4.090000,4.130000,3.930000,3.930000,3.769099,8723500
2017-03-20,3.860000,4.080000,3.840000,4.060000,3.893776,9098700
2017-03-21,4.000000,4.040000,3.720000,3.750000,3.596468,13542600
2017-03-22,3.620000,3.850000,3.560000,3.750000,3.596468,15925400
2017-03-23,3.730000,3.790000,3.590000,3.600000,3.452610,11746600
2017-03-24,3.630000,3.680000,3.500000,3.550000,3.404657,7739000
2017-03-27,3.450000,3.500000,3.380000,3.480000,3.337523,12109100
2017-03-28,3.480000,3.520000,3.400000,3.490000,3.347113,11557900
2017-03-29,3.500000,3.560000,3.470000,3.530000,3.385475,6241700
2017-03-30,3.490000,3.540000,3.350000,3.370000,3.232026,10908100
2017-03-31,3.350000,3.510000,3.310000,3.450000,3.308751,6801400
2017-04-03,3.500000,3.500000,3.370000,3.430000,3.289570,3745000
2017-04-04,3.400000,3.500000,3.400000,3.500000,3.356704,4495600
2017-04-05,3.560000,3.630000,3.360000,3.370000,3.232026,8095700
2017-04-06,3.360000,3.410000,3.270000,3.280000,3.145711,8077800
2017-04-07,3.260000,3.430000,3.260000,3.320000,3.184073,9687600
2017-04-10,3.320000,3.350000,3.220000,3.240000,3.107349,5737900
2017-04-11,3.260000,3.270000,3.120000,3.180000,3.049805,13617300
2017-04-12,3.110000,3.150000,3.010000,3.020000,2.896356,9790700
2017-04-13,3.080000,3.120000,2.960000,2.960000,2.838812,10597900
2017-04-17,3.000000,3.090000,2.990000,3.050000,2.925128,7301000
2017-04-18,2.970000,3.040000,2.940000,2.960000,2.838812,7647300
2017-04-19,3.000000,3.020000,2.900000,2.920000,2.800450,6801600
2017-04-20,2.980000,3.020000,2.940000,2.990000,2.867584,10625700
2017-04-21,2.990000,3.020000,2.950000,3.020000,2.896356,3198400
2017-04-24,3.070000,3.130000,3.040000,3.080000,2.953899,6734200
2017-04-25,3.040000,3.120000,3.010000,3.100000,2.973080,5118500
2017-04-26,3.060000,3.110000,3.020000,3.070000,2.944309,4763800
2017-04-27,3.070000,3.090000,2.960000,2.990000,2.867584,5609400
2017-04-28,3.010000,3.100000,3.000000,3.050000,2.925128,4426600
2017-05-01,3.050000,3.110000,3.030000,3.080000,2.953899,2480300
2017-05-02,3.090000,3.170000,3.080000,3.150000,3.021033,4787700
2017-05-03,3.140000,3.140000,2.960000,2.980000,2.857993,11776800
2017-05-04,2.920000,2.930000,2.820000,2.890000,2.771678,14424500
2017-05-05,2.910000,2.970000,2.880000,2.890000,2.771678,7712800
2017-05-08,2.860000,2.910000,2.800000,2.840000,2.723725,4904200
2017-05-09,2.870000,2.980000,2.860000,2.950000,2.829222,7044600
2017-05-10,3.050000,3.090000,3.020000,3.030000,2.905946,9590700
2017-05-11,3.020000,3.150000,2.980000,3.130000,3.001852,8176600
2017-05-12,3.150000,3.180000,3.020000,3.030000,2.905946,6166600
2017-05-15,3.080000,3.210000,3.080000,3.160000,3.030624,13986400
2017-05-16,3.240000,3.310000,3.160000,3.300000,3.164892,8855700
2017-05-17,3.260000,3.320000,3.170000,3.190000,3.059396,8229100
2017-05-18,2.760000,2.890000,2.600000,2.650000,2.541504,21950900
2017-05-19,2.810000,2.950000,2.760000,2.880000,2.762088,8753900
2017-05-22,2.800000,2.850000,2.710000,2.820000,2.704544,11046300
2017-05-23,2.820000,2.980000,2.810000,2.970000,2.848403,11122200
2017-05-24,2.970000,3.000000,2.900000,2.900000,2.781269,11165200
2017-05-25,2.890000,2.980000,2.820000,2.880000,2.762088,8846300
2017-05-26,2.910000,2.940000,2.860000,2.890000,2.771678,9417700
2017-05-30,2.950000,3.010000,2.920000,3.010000,2.886765,11241200
2017-05-31,2.990000,3.020000,2.890000,2.900000,2.781269,10661400
2017-06-01,2.940000,2.980000,2.850000,2.880000,2.762088,4202200
2017-06-02,2.950000,2.960000,2.880000,2.880000,2.762088,5440000
2017-06-05,2.860000,2.900000,2.800000,2.820000,2.704544,3869300
2017-06-06,2.840000,2.900000,2.770000,2.820000,2.704544,9166800
2017-06-07,2.860000,2.890000,2.760000,2.800000,2.685363,12014000
2017-06-08,2.750000,2.920000,2.730000,2.900000,2.781269,9965600
2017-06-09,2.910000,2.980000,2.880000,2.890000,2.771678,8000600
2017-06-12,2.880000,2.940000,2.800000,2.820000,2.704544,9090600
2017-06-13,2.820000,2.870000,2.790000,2.820000,2.704544,10566300
2017-06-14,2.850000,2.870000,2.740000,2.770000,2.656591,7416100
2017-06-15,2.750000,2.760000,2.600000,2.680000,2.570276,7821700
2017-06-16,2.680000,2.730000,2.660000,2.700000,2.589457,6350800
2017-06-19,2.700000,2.780000,2.700000,2.730000,2.618229,3991400
2017-06-20,2.700000,2.720000,2.620000,2.650000,2.541504,9074200
2017-06-21,2.670000,2.720000,2.640000,2.690000,2.579867,5845600
2017-06-22,2.700000,2.780000,2.690000,2.780000,2.666182,4541800
2017-06-23,2.780000,2.910000,2.750000,2.870000,2.752497,10314300
2017-06-26,2.920000,3.000000,2.880000,2.980000,2.857993,7641100
2017-06-27,2.980000,3.040000,2.940000,2.940000,2.819631,4831300
2017-06-28,3.000000,3.100000,3.000000,3.080000,2.953899,8207800
2017-06-29,3.090000,3.120000,2.980000,3.020000,2.896356,7909500
2017-06-30,3.030000,3.090000,3.010000,3.050000,2.925128,7123000
2017-07-03,3.090000,3.140000,3.070000,3.090000,2.963490,2838800
2017-07-05,3.090000,3.160000,3.040000,3.160000,3.030624,6788800
2017-07-06,3.120000,3.240000,3.090000,3.180000,3.049805,5371700
2017-07-07,3.230000,3.240000,3.130000,3.210000,3.078577,9411200
2017-07-10,3.240000,3.350000,3.230000,3.330000,3.193664,5873400
2017-07-11,3.320000,3.370000,3.300000,3.320000,3.184073,3998200
2017-07-12,3.390000,3.420000,3.290000,3.390000,3.251207,6173500
2017-07-13,3.390000,3.390000,3.290000,3.370000,3.232026,12182700
2017-07-14,3.390000,3.430000,3.360000,3.370000,3.232026,4086400
2017-07-17,3.410000,3.450000,3.380000,3.420000,3.279979,3756400
2017-07-18,3.410000,3.420000,3.350000,3.390000,3.251207,2562400
2017-07-19,3.410000,3.480000,3.390000,3.480000,3.337523,4909900
2017-07-20,3.470000,3.470000,3.360000,3.420000,3.279979,5026800
2017-07-21,3.430000,3.450000,3.320000,3.350000,3.212845,4935800
2017-07-24,3.370000,3.440000,3.340000,3.430000,3.289570,3327100
2017-07-25,3.480000,3.530000,3.420000,3.460000,3.318342,3106900
2017-07-26,3.380000,3.400000,3.290000,3.320000,3.184073,9496900
2017-07-27,3.340000,3.340000,3.270000,3.300000,3.164892,4885200
2017-07-28,3.280000,3.350000,3.260000,3.320000,3.184073,4891200
2017-07-31,3.390000,3.410000,3.340000,3.370000,3.232026,6141600
2017-08-01,3.350000,3.380000,3.310000,3.310000,3.174483,3340300
2017-08-02,3.310000,3.450000,3.300000,3.430000,3.289570,5412900
2017-08-03,3.440000,3.470000,3.390000,3.450000,3.308751,4794100
2017-08-04,3.450000,3.550000,3.430000,3.520000,3.375885,9466400
2017-08-07,3.580000,3.710000,3.580000,3.680000,3.529335,8275700
2017-08-08,3.630000,3.700000,3.580000,3.630000,3.481381,5943300
2017-08-09,3.590000,3.620000,3.510000,3.550000,3.404657,17577300
2017-08-10,3.550000,3.590000,3.480000,3.570000,3.423838,10992500
2017-08-11,3.520000,3.550000,3.480000,3.500000,3.356704,6553400
2017-08-14,3.490000,3.540000,3.440000,3.450000,3.308751,5217400
2017-08-15,3.440000,3.470000,3.400000,3.420000,3.279979,3088200
2017-08-16,3.470000,3.550000,3.460000,3.540000,3.395066,6254400
2017-08-17,3.510000,3.610000,3.480000,3.480000,3.337523,9092300
2017-08-18,3.560000,3.570000,3.510000,3.520000,3.375885,4382200
2017-08-21,3.520000,3.590000,3.440000,3.440000,3.299160,4295800
2017-08-22,3.500000,3.540000,3.490000,3.510000,3.372176,5471500
2017-08-23,3.530000,3.700000,3.520000,3.650000,3.506679,8461500
2017-08-24,3.660000,3.700000,3.620000,3.640000,3.497072,8086500
2017-08-25,3.640000,3.660000,3.550000,3.580000,3.439428,4315100
2017-08-28,3.580000,3.620000,3.560000,3.590000,3.449035,2486200
2017-08-29,3.520000,3.590000,3.520000,3.560000,3.420213,3898200
2017-08-30,3.560000,3.720000,3.540000,3.700000,3.554716,9422800
2017-08-31,3.780000,3.800000,3.700000,3.710000,3.564323,8072100
2017-09-01,3.840000,4.010000,3.820000,3.930000,3.775684,18830300
2017-09-05,4.160000,4.250000,3.980000,3.980000,3.823721,18871900
2017-09-06,4.050000,4.130000,4.000000,4.080000,3.919794,8436700
2017-09-07,4.050000,4.080000,3.990000,4.040000,3.881365,6642300
2017-09-08,4.080000,4.090000,3.880000,3.900000,3.746862,8552300
2017-09-11,3.970000,4.030000,3.910000,3.920000,3.766077,5221500
2017-09-12,3.920000,3.970000,3.830000,3.870000,3.718040,9758800
2017-09-13,3.830000,3.840000,3.750000,3.790000,3.641181,6866000
2017-09-14,3.730000,3.790000,3.700000,3.780000,3.631575,4165800
2017-09-15,3.810000,3.880000,3.800000,3.870000,3.718040,6983600
2017-09-18,3.920000,3.960000,3.840000,3.870000,3.718040,9487500
2017-09-19,3.840000,3.860000,3.720000,3.750000,3.602752,6479400
2017-09-20,3.790000,3.820000,3.620000,3.760000,3.612360,14061400
2017-09-21,3.680000,3.730000,3.630000,3.630000,3.487464,4850700
2017-09-22,3.650000,3.650000,3.540000,3.560000,3.420213,4349700
2017-09-25,3.580000,3.580000,3.410000,3.440000,3.304924,5797900
2017-09-26,3.490000,3.560000,3.450000,3.450000,3.314533,5741800
2017-09-27,3.470000,3.490000,3.290000,3.460000,3.324139,10543500
2017-09-28,3.390000,3.440000,3.340000,3.380000,3.247281,9826100
2017-09-29,3.450000,3.480000,3.410000,3.430000,3.295317,4061800
2017-10-02,3.440000,3.500000,3.420000,3.460000,3.324139,8499400
2017-10-03,3.500000,3.630000,3.490000,3.580000,3.439428,8369700
2017-10-04,3.580000,3.610000,3.540000,3.590000,3.449035,8018200
2017-10-05,3.680000,3.720000,3.480000,3.490000,3.352961,9210300
2017-10-06,3.430000,3.460000,3.340000,3.360000,3.228066,11733800
2017-10-09,3.350000,3.370000,3.230000,3.310000,3.180029,24410300
2017-10-10,3.370000,3.500000,3.340000,3.470000,3.333747,14713900
2017-10-11,3.470000,3.520000,3.380000,3.410000,3.276103,7638000
2017-10-12,3.400000,3.480000,3.390000,3.440000,3.304924,3794500
2017-10-13,3.530000,3.610000,3.520000,3.580000,3.439428,6994600
2017-10-16,3.630000,3.680000,3.550000,3.570000,3.429820,6718400
2017-10-17,3.560000,3.600000,3.520000,3.530000,3.391391,4809600
2017-10-18,3.600000,3.650000,3.520000,3.620000,3.477857,5408100
2017-10-19,3.570000,3.680000,3.550000,3.650000,3.506679,5049900
2017-10-20,3.680000,3.690000,3.620000,3.630000,3.487464,4689700
2017-10-23,3.610000,3.670000,3.540000,3.550000,3.410605,4221600
2017-10-24,3.580000,3.670000,3.550000,3.650000,3.506679,5743300
2017-10-25,3.670000,3.700000,3.590000,3.690000,3.545108,4001800
2017-10-26,3.650000,3.680000,3.490000,3.500000,3.362569,9842800
2017-10-27,3.520000,3.590000,3.470000,3.540000,3.400998,7685600
2017-10-30,3.480000,3.530000,3.360000,3.370000,3.237673,8440000
2017-10-31,3.310000,3.350000,3.260000,3.310000,3.180029,7687700
2017-11-01,3.310000,3.360000,3.210000,3.220000,3.093563,16382800
2017-11-02,3.210000,3.300000,3.170000,3.240000,3.112778,13885000
2017-11-03,3.210000,3.230000,3.030000,3.200000,3.074348,17737300
2017-11-06,3.260000,3.360000,3.230000,3.340000,3.208851,8365200
2017-11-07,3.240000,3.300000,3.160000,3.210000,3.083956,12715000
2017-11-08,3.270000,3.310000,3.200000,3.250000,3.122385,4694500
2017-11-09,3.160000,3.210000,3.100000,3.190000,3.064742,7442800
2017-11-10,3.150000,3.160000,3.060000,3.100000,2.978275,8400200
2017-11-13,3.050000,3.140000,3.050000,3.090000,2.968668,5805400
2017-11-14,3.110000,3.120000,2.970000,3.000000,2.882201,14261800
2017-11-15,2.910000,3.040000,2.890000,3.030000,2.911024,8151000
2017-11-16,3.080000,3.110000,3.050000,3.080000,2.959060,6677000
2017-11-17,3.080000,3.210000,3.060000,3.210000,3.083956,6397100
2017-11-20,3.210000,3.210000,3.150000,3.200000,3.074348,1781500
2017-11-21,3.230000,3.270000,3.180000,3.180000,3.055134,4198400
2017-11-22,3.250000,3.290000,3.240000,3.250000,3.131247,6770800
2017-11-24,3.300000,3.350000,3.240000,3.280000,3.160151,9711000
2017-11-27,3.350000,3.400000,3.320000,3.330000,3.208324,5044000
2017-11-28,3.390000,3.440000,3.350000,3.360000,3.237228,11008100
2017-11-29,3.370000,3.410000,3.330000,3.360000,3.237228,6499100
2017-11-30,3.340000,3.380000,3.280000,3.320000,3.198689,10719100
2017-12-01,3.350000,3.370000,3.260000,3.320000,3.198689,5831300
2017-12-04,3.410000,3.470000,3.390000,3.420000,3.295036,4249800
2017-12-05,3.450000,3.460000,3.370000,3.370000,3.246862,4130900
2017-12-06,3.380000,3.400000,3.330000,3.390000,3.266132,2995600
2017-12-07,3.230000,3.430000,3.230000,3.420000,3.295036,20072500
2017-12-08,3.430000,3.530000,3.350000,3.490000,3.362478,13234500
2017-12-11,3.540000,3.600000,3.510000,3.510000,3.381747,5993200
2017-12-12,3.460000,3.640000,3.460000,3.620000,3.487728,5982100
2017-12-13,3.580000,3.610000,3.460000,3.510000,3.381747,6490300
2017-12-14,3.450000,3.540000,3.440000,3.480000,3.352844,3359900
2017-12-15,3.570000,3.600000,3.530000,3.550000,3.420286,6196000
2017-12-18,3.620000,3.660000,3.560000,3.620000,3.487728,4139800
2017-12-19,3.600000,3.650000,3.570000,3.640000,3.506997,3414900
2017-12-20,3.660000,3.720000,3.660000,3.670000,3.535901,5395300
2017-12-21,3.640000,3.740000,3.630000,3.740000,3.603343,5362400
2017-12-22,3.700000,3.730000,3.670000,3.710000,3.574439,3507400
2017-12-26,3.710000,3.770000,3.690000,3.730000,3.593708,4583500
2017-12-27,3.740000,3.770000,3.670000,3.700000,3.564805,3735000
2017-12-28,3.680000,3.750000,3.650000,3.740000,3.603343,5264200
2017-12-29,3.720000,3.790000,3.680000,3.720000,3.584074,3368200
2018-01-02,3.880000,3.950000,3.830000,3.940000,3.796035,6175300
2018-01-03,3.990000,4.080000,3.950000,3.990000,3.844208,6661000
2018-01-04,4.100000,4.210000,4.070000,4.140000,3.988727,12046400
2018-01-05,4.130000,4.160000,4.070000,4.140000,3.988727,12159800
2018-01-08,4.160000,4.310000,4.140000,4.300000,4.142881,15646900
2018-01-09,4.260000,4.380000,4.220000,4.320000,4.162150,43603900
2018-01-10,4.210000,4.350000,4.180000,4.280000,4.123612,17229300
2018-01-11,4.360000,4.690000,4.340000,4.630000,4.460823,22764500
2018-01-12,4.640000,4.790000,4.540000,4.660000,4.489727,21162900
2018-01-16,4.610000,4.630000,4.480000,4.520000,4.354842,14505200
2018-01-17,4.490000,4.710000,4.460000,4.650000,4.480092,15240300
2018-01-18,4.680000,4.710000,4.410000,4.450000,4.287400,15832100
2018-01-19,4.420000,4.470000,4.280000,4.420000,4.258496,14257000
2018-01-22,4.400000,4.470000,4.350000,4.370000,4.210323,8629400
2018-01-23,4.210000,4.290000,4.180000,4.260000,4.104343,10637700
2018-01-24,4.420000,4.550000,4.390000,4.520000,4.354842,16064900
2018-01-25,4.490000,4.720000,4.480000,4.530000,4.364478,8993400
2018-01-26,4.530000,4.750000,4.510000,4.690000,4.518631,9513400
2018-01-29,4.650000,4.680000,4.560000,4.580000,4.412651,8256400
2018-01-30,4.550000,4.620000,4.470000,4.600000,4.431920,8918400
2018-01-31,4.750000,4.780000,4.470000,4.480000,4.316305,22213700
2018-02-01,4.560000,4.690000,4.500000,4.540000,4.374112,18617900
2018-02-02,4.550000,4.640000,4.420000,4.430000,4.268130,30369400
2018-02-05,4.420000,4.470000,4.120000,4.200000,4.046535,17912700
2018-02-06,4.190000,4.500000,4.160000,4.440000,4.277766,15695100
2018-02-07,4.410000,4.480000,4.260000,4.280000,4.123612,7975200
2018-02-08,4.370000,4.370000,4.120000,4.130000,3.979093,9245300
2018-02-09,4.200000,4.320000,4.050000,4.290000,4.133246,10215700
2018-02-12,4.290000,4.440000,4.260000,4.360000,4.200689,6242600
2018-02-13,4.340000,4.440000,4.330000,4.390000,4.229593,3624800
2018-02-14,4.320000,4.670000,4.280000,4.640000,4.470457,9549600
2018-02-15,4.650000,4.680000,4.530000,4.670000,4.499362,8955200
2018-02-16,4.560000,5.030000,4.550000,4.990000,4.807669,29716800
2018-02-20,4.980000,5.070000,4.860000,4.920000,4.740227,15762500
2018-02-21,5.070000,5.140000,4.920000,4.930000,4.749861,19648100
2018-02-22,5.050000,5.110000,4.920000,4.930000,4.749861,11286100
2018-02-23,4.960000,5.110000,4.950000,5.110000,4.923284,8703400
2018-02-26,5.210000,5.260000,5.130000,5.250000,5.058169,8233800
2018-02-27,5.260000,5.280000,5.070000,5.090000,4.904016,8815300
2018-02-28,5.280000,5.310000,4.990000,5.000000,4.817304,18856400
2018-03-01,5.190000,5.300000,5.150000,5.230000,5.038899,17451300
2018-03-02,5.050000,5.230000,4.930000,5.160000,4.971457,16575100
2018-03-05,5.120000,5.290000,5.100000,5.190000,5.000361,13470100
2018-03-06,5.310000,5.320000,5.030000,5.050000,4.865477,17297100
2018-03-07,5.060000,5.130000,4.880000,5.130000,4.942554,11476300
2018-03-08,5.020000,5.040000,4.810000,4.890000,4.711323,14871500
2018-03-09,4.990000,5.020000,4.850000,4.920000,4.748967,10785600
2018-03-12,4.940000,5.000000,4.910000,4.980000,4.806881,6489200
2018-03-13,5.030000,5.110000,4.910000,4.940000,4.768271,8408700
2018-03-14,5.030000,5.060000,4.830000,4.850000,4.681400,6962900
2018-03-15,4.790000,4.830000,4.650000,4.670000,4.507658,11113900
2018-03-16,4.620000,4.740000,4.610000,4.690000,4.526962,11304400
2018-03-19,4.570000,4.670000,4.500000,4.550000,4.391829,10482900
2018-03-20,4.570000,4.790000,4.510000,4.710000,4.546268,23101300
2018-03-21,4.750000,4.840000,4.710000,4.840000,4.671748,8659200
2018-03-22,4.730000,4.790000,4.550000,4.580000,4.420786,13754200
2018-03-23,4.610000,4.640000,4.470000,4.480000,4.324263,11901500
2018-03-26,4.620000,4.630000,4.480000,4.580000,4.420786,7270100
2018-03-27,4.580000,4.600000,4.450000,4.480000,4.324263,4788400
2018-03-28,4.390000,4.460000,4.270000,4.450000,4.295306,9784800
2018-03-29,4.530000,4.710000,4.530000,4.660000,4.498005,6422600
2018-04-02,4.660000,4.770000,4.600000,4.670000,4.507658,4411900
2018-04-03,4.700000,4.750000,4.650000,4.680000,4.517311,3507600
2018-04-04,4.530000,4.610000,4.490000,4.550000,4.391829,5205100
2018-04-05,4.700000,4.890000,4.700000,4.850000,4.681400,11030900
2018-04-06,4.790000,4.880000,4.680000,4.730000,4.565572,10355900
2018-04-09,4.730000,4.770000,4.550000,4.560000,4.401481,9133100
2018-04-10,4.650000,4.720000,4.550000,4.690000,4.526962,9036100
2018-04-11,4.690000,4.780000,4.650000,4.680000,4.517311,7365100
2018-04-12,4.720000,4.830000,4.690000,4.790000,4.623487,4157000
2018-04-13,4.840000,4.860000,4.730000,4.760000,4.594529,5302500
2018-04-16,4.770000,4.770000,4.660000,4.750000,4.584877,7013600
2018-04-17,4.790000,4.920000,4.780000,4.870000,4.700705,6320800
2018-04-18,5.040000,5.130000,5.000000,5.070000,4.893753,6730800
2018-04-19,5.050000,5.090000,4.940000,5.020000,4.845490,5678700
2018-04-20,5.000000,5.010000,4.870000,4.910000,4.739315,6143800
2018-04-23,4.840000,4.880000,4.790000,4.810000,4.642791,5179100
2018-04-24,4.830000,4.920000,4.730000,4.800000,4.633138,5382100
2018-04-25,4.700000,4.810000,4.620000,4.750000,4.584877,8588200
2018-04-26,4.780000,4.890000,4.740000,4.850000,4.681400,3209800
2018-04-27,4.900000,4.920000,4.740000,4.740000,4.575224,8283600
2018-04-30,4.760000,4.790000,4.670000,4.670000,4.507658,3888600
2018-05-01,4.580000,4.610000,4.470000,4.580000,4.420786,4560800
2018-05-02,4.660000,4.670000,4.520000,4.540000,4.382177,4715500
2018-05-03,4.550000,4.670000,4.510000,4.610000,4.449744,7919100
2018-05-04,4.620000,4.770000,4.620000,4.710000,4.546268,3650400
2018-05-07,4.730000,4.740000,4.540000,4.550000,4.391829,6928800
2018-05-08,4.530000,4.600000,4.430000,4.530000,4.372525,11218300
2018-05-09,4.730000,4.790000,4.670000,4.790000,4.623487,11118500
2018-05-10,4.910000,5.030000,4.890000,5.000000,4.826187,10677200
2018-05-11,4.930000,5.050000,4.850000,4.860000,4.691053,7536700
2018-05-14,4.960000,4.970000,4.810000,4.820000,4.652444,4761200
2018-05-15,4.670000,4.840000,4.650000,4.840000,4.671748,8038700
2018-05-16,4.890000,4.960000,4.850000,4.940000,4.768271,8722200
2018-05-17,4.900000,5.000000,4.790000,4.810000,4.642791,9219700
2018-05-18,4.760000,4.840000,4.670000,4.700000,4.536614,5146000
2018-05-21,4.810000,4.840000,4.620000,4.640000,4.478701,7719900
2018-05-22,4.640000,4.740000,4.560000,4.620000,4.459396,8833500
2018-05-23,4.540000,4.600000,4.470000,4.560000,4.423503,5478600
2018-05-24,4.500000,4.580000,4.480000,4.510000,4.375000,21335300
2018-05-25,4.480000,4.500000,4.220000,4.330000,4.200387,21963400
2018-05-29,4.080000,4.210000,3.990000,4.000000,3.880266,20132500
2018-05-30,4.030000,4.050000,3.880000,3.940000,3.822062,16129400
2018-05-31,3.990000,4.060000,3.930000,3.930000,3.812361,6593200
2018-06-01,4.010000,4.100000,3.900000,4.090000,3.967572,17089400
2018-06-04,4.140000,4.260000,4.110000,4.250000,4.122783,16053200
2018-06-05,4.320000,4.380000,4.190000,4.240000,4.113082,14723700
2018-06-06,4.240000,4.300000,4.130000,4.180000,4.054878,11566400
2018-06-07,4.060000,4.070000,3.520000,3.790000,3.676552,22989300
2018-06-08,3.860000,3.950000,3.690000,3.840000,3.725055,10625300
2018-06-11,3.970000,3.980000,3.790000,3.810000,3.695953,9038100
2018-06-12,3.850000,3.930000,3.820000,3.890000,3.773559,7575200
2018-06-13,3.870000,3.950000,3.760000,3.890000,3.773559,10448000
2018-06-14,3.890000,3.910000,3.700000,3.740000,3.628049,6244400
2018-06-15,3.730000,3.740000,3.630000,3.720000,3.608648,8421600
2018-06-18,3.660000,3.780000,3.610000,3.760000,3.647450,8846300
2018-06-19,3.660000,3.770000,3.600000,3.710000,3.598947,14752000
2018-06-20,3.810000,3.940000,3.730000,3.880000,3.763858,20347100
2018-06-21,3.850000,3.880000,3.670000,3.690000,3.579546,8949300
2018-06-22,3.790000,3.800000,3.640000,3.760000,3.647450,10550900
2018-06-25,3.760000,3.770000,3.560000,3.660000,3.550444,10907500
2018-06-26,3.630000,3.640000,3.500000,3.510000,3.404933,8199100
2018-06-27,3.520000,3.580000,3.370000,3.450000,3.346730,11338000
2018-06-28,3.480000,3.630000,3.420000,3.590000,3.482539,17038500
2018-06-29,3.630000,3.660000,3.500000,3.540000,3.434036,10004600
2018-07-02,3.470000,3.570000,3.460000,3.520000,3.414634,7533200
2018-07-03,3.590000,3.680000,3.550000,3.590000,3.482539,7450200
2018-07-05,3.800000,3.870000,3.680000,3.810000,3.695953,21063200
2018-07-06,3.780000,4.010000,3.760000,3.940000,3.822062,19197200
2018-07-09,3.970000,4.060000,3.900000,4.000000,3.880266,7140700
2018-07-10,4.040000,4.060000,3.930000,3.980000,3.860865,13068200
2018-07-11,3.900000,3.930000,3.780000,3.830000,3.715355,10079400
2018-07-12,3.870000,4.030000,3.840000,4.000000,3.880266,8295500
2018-07-13,4.000000,4.060000,3.950000,4.000000,3.880266,3177900
2018-07-16,3.970000,4.030000,3.900000,4.020000,3.899668,7650200
2018-07-17,4.040000,4.220000,4.020000,4.150000,4.025776,8792400
2018-07-18,4.200000,4.260000,4.120000,4.200000,4.074279,7641900
2018-07-19,4.070000,4.100000,3.980000,4.090000,3.967572,7180100
2018-07-20,4.240000,4.300000,4.190000,4.220000,4.093680,11028500
2018-07-23,4.260000,4.310000,4.240000,4.280000,4.151885,6623000
2018-07-24,4.470000,4.500000,4.390000,4.440000,4.307096,9529700
2018-07-25,4.450000,4.500000,4.370000,4.450000,4.316796,8960800
2018-07-26,4.410000,4.410000,4.280000,4.310000,4.180987,7948600
2018-07-27,4.380000,4.500000,4.370000,4.470000,4.336197,7721200
2018-07-30,4.530000,4.550000,4.470000,4.520000,4.384701,4375500
2018-07-31,4.490000,4.540000,4.360000,4.400000,4.268293,8411200
2018-08-01,4.370000,4.460000,4.320000,4.320000,4.190688,14123100
2018-08-02,4.260000,4.450000,4.240000,4.410000,4.277993,9743500
2018-08-03,4.460000,4.590000,4.400000,4.550000,4.413803,5954000
2018-08-06,4.540000,4.570000,4.470000,4.490000,4.355599,4243200
2018-08-07,4.560000,4.570000,4.370000,4.390000,4.258593,9282800
2018-08-08,4.620000,4.630000,4.440000,4.560000,4.423503,15783900
2018-08-09,4.520000,4.530000,4.310000,4.340000,4.210089,8323800
2018-08-10,4.520000,4.520000,4.040000,4.130000,4.006375,13671300
2018-08-13,4.100000,4.140000,3.930000,4.020000,3.899668,8573600
2018-08-14,4.100000,4.150000,4.060000,4.150000,4.025776,7463000
2018-08-15,4.050000,4.080000,3.940000,3.950000,3.831763,8358100
2018-08-16,4.040000,4.050000,3.910000,3.920000,3.802661,7149900
2018-08-17,3.880000,3.990000,3.820000,3.960000,3.841464,9915200
2018-08-20,4.000000,4.090000,3.960000,4.060000,3.938470,6468300
2018-08-21,4.020000,4.080000,3.900000,3.920000,3.802661,9174000
2018-08-22,3.880000,4.000000,3.850000,4.000000,3.880266,6930000
2018-08-23,3.980000,4.010000,3.770000,3.780000,3.701087,6587100
2018-08-24,3.900000,3.910000,3.800000,3.850000,3.769625,4878400
2018-08-27,3.860000,3.950000,3.860000,3.920000,3.838164,6163900
2018-08-28,3.890000,3.920000,3.810000,3.920000,3.838164,9290600
2018-08-29,3.910000,4.000000,3.880000,3.930000,3.847955,7154500
2018-08-30,3.930000,3.940000,3.760000,3.800000,3.720669,6577700
2018-08-31,3.800000,3.950000,3.750000,3.900000,3.818581,7549300
2018-09-04,3.740000,3.780000,3.680000,3.710000,3.632548,8767900
2018-09-05,3.680000,3.770000,3.650000,3.720000,3.642339,8244800
2018-09-06,3.760000,3.850000,3.730000,3.830000,3.750043,8951300
2018-09-07,3.880000,3.950000,3.770000,3.900000,3.818581,7199800
2018-09-10,3.890000,3.910000,3.780000,3.790000,3.710878,7528300
2018-09-11,3.650000,3.690000,3.590000,3.640000,3.564009,15242200
2018-09-12,3.710000,3.740000,3.640000,3.700000,3.622757,6745300
2018-09-13,3.670000,3.730000,3.630000,3.640000,3.564009,13063400
2018-09-14,3.690000,3.710000,3.600000,3.670000,3.593383,3676700
2018-09-17,3.700000,3.840000,3.700000,3.800000,3.720669,7230000
2018-09-18,3.800000,4.050000,3.800000,4.050000,3.965450,14693900
2018-09-19,4.060000,4.170000,4.030000,4.050000,3.965450,11619100
2018-09-20,4.150000,4.160000,4.060000,4.150000,4.063363,7908400
2018-09-21,4.160000,4.250000,4.140000,4.210000,4.122110,8782800
2018-09-24,4.200000,4.240000,4.040000,4.040000,3.955658,7018200
2018-09-25,3.980000,4.290000,3.980000,4.270000,4.180857,12464200
2018-09-26,4.330000,4.350000,4.200000,4.220000,4.131900,10615700
2018-09-27,4.290000,4.310000,4.180000,4.300000,4.210231,12975100
2018-09-28,4.240000,4.320000,4.190000,4.210000,4.122110,10536900
2018-10-01,4.220000,4.260000,4.110000,4.160000,4.073153,14935800
2018-10-02,4.320000,4.360000,4.220000,4.230000,4.141692,20057000
2018-10-03,4.460000,4.480000,4.160000,4.230000,4.141692,21612300
2018-10-04,4.210000,4.250000,4.070000,4.130000,4.043780,8826500
2018-10-05,4.090000,4.130000,4.010000,4.090000,4.004615,8142100
2018-10-08,4.300000,4.320000,4.090000,4.150000,4.063363,17737200
2018-10-09,4.210000,4.380000,4.130000,4.300000,4.210231,31953400
2018-10-10,4.270000,4.270000,4.100000,4.100000,4.014406,11905500
2018-10-11,4.140000,4.230000,4.050000,4.130000,4.043780,14359900
2018-10-12,4.180000,4.270000,4.120000,4.210000,4.122110,7439500
2018-10-15,4.230000,4.290000,4.130000,4.150000,4.063363,6510200
2018-10-16,4.270000,4.320000,4.220000,4.310000,4.220022,12849200
2018-10-17,4.310000,4.390000,4.220000,4.330000,4.239604,12809400
2018-10-18,4.290000,4.310000,4.120000,4.130000,4.043780,8703400
2018-10-19,4.170000,4.220000,3.980000,4.000000,3.916494,19224100
2018-10-22,4.110000,4.260000,4.100000,4.260000,4.171066,9908100
2018-10-23,4.140000,4.210000,4.070000,4.190000,4.102528,10925600
2018-10-24,4.220000,4.250000,3.900000,3.910000,3.828373,18442400
2018-10-25,4.020000,4.160000,3.960000,4.110000,4.024198,12061600
2018-10-26,4.090000,4.300000,4.010000,4.290000,4.200440,30738600
2018-10-29,4.350000,4.390000,4.130000,4.160000,4.073153,29417900
2018-10-30,4.200000,4.300000,4.170000,4.240000,4.151484,14670300
2018-10-31,4.250000,4.360000,4.170000,4.350000,4.259187,28259600
2018-11-01,4.360000,4.520000,4.340000,4.450000,4.357099,37938700
2018-11-02,4.510000,4.710000,4.440000,4.670000,4.572506,17932200
2018-11-05,4.570000,4.680000,4.500000,4.500000,4.406055,23361700
2018-11-06,4.480000,4.570000,4.460000,4.510000,4.415847,11493200
2018-11-07,4.450000,4.480000,4.350000,4.410000,4.317934,13820000
2018-11-08,4.370000,4.470000,4.270000,4.310000,4.220022,10348100
2018-11-09,4.320000,4.350000,4.200000,4.340000,4.249396,10696400
2018-11-12,4.260000,4.260000,4.090000,4.140000,4.053571,11787800
2018-11-13,3.990000,4.100000,3.940000,4.020000,3.936076,16537600
2018-11-14,3.980000,4.040000,3.860000,4.030000,3.945868,16148000
2018-11-15,4.030000,4.200000,4.030000,4.060000,3.975241,14922600
2018-11-16,4.130000,4.370000,4.110000,4.350000,4.259187,17409400
2018-11-19,4.280000,4.380000,4.230000,4.300000,4.210231,13983800
2018-11-20,4.190000,4.210000,4.080000,4.110000,4.024198,10660500
2018-11-21,4.150000,4.180000,4.040000,4.060000,3.975241,7385000
2018-11-23,3.940000,3.980000,3.890000,3.900000,3.851786,5870200
2018-11-26,3.820000,3.900000,3.750000,3.810000,3.762899,10748900
2018-11-27,3.810000,3.840000,3.750000,3.810000,3.762899,12489800
2018-11-28,3.870000,3.960000,3.760000,3.940000,3.891292,25769200
2018-11-29,3.970000,3.990000,3.870000,3.880000,3.832034,15035800
2018-11-30,3.910000,4.040000,3.850000,4.020000,3.970303,13318600
2018-12-03,4.240000,4.260000,4.170000,4.200000,4.148077,10334600
2018-12-04,4.200000,4.220000,4.050000,4.060000,4.009809,11965700
2018-12-06,3.980000,4.080000,3.920000,4.060000,4.009809,11307200
2018-12-07,4.120000,4.190000,3.980000,4.000000,3.950550,13460600
2018-12-10,3.920000,3.980000,3.850000,3.880000,3.832034,18754800
2018-12-11,3.990000,4.000000,3.860000,3.930000,3.881416,9076600
2018-12-12,4.030000,4.070000,3.960000,3.970000,3.920921,15251600
2018-12-13,3.970000,3.990000,3.870000,3.930000,3.881416,8579100
2018-12-14,3.880000,3.940000,3.800000,3.830000,3.782652,12083800
2018-12-17,3.880000,3.950000,3.800000,3.810000,3.762899,11386200
2018-12-18,3.900000,3.940000,3.870000,3.880000,3.832034,9736700
2018-12-19,3.930000,4.020000,3.780000,3.800000,3.753022,14003500
2018-12-20,3.870000,3.930000,3.710000,3.770000,3.723394,20855300
2018-12-21,3.820000,3.860000,3.680000,3.710000,3.664135,9934900
2018-12-24,3.690000,3.750000,3.660000,3.690000,3.644382,4087200
2018-12-26,3.660000,3.830000,3.660000,3.830000,3.782652,6277200
2018-12-27,3.710000,3.730000,3.610000,3.730000,3.683888,13851900
2018-12-28,3.740000,3.810000,3.710000,3.740000,3.693764,4163400
2018-12-31,3.750000,3.780000,3.670000,3.760000,3.713517,4230800
2019-01-02,3.840000,4.020000,3.820000,3.990000,3.940674,13383800
2019-01-03,4.080000,4.090000,3.900000,3.950000,3.901168,9841000
2019-01-04,4.040000,4.170000,4.020000,4.130000,4.078943,9639800
2019-01-07,4.150000,4.210000,4.090000,4.120000,4.069067,10322200
2019-01-08,4.160000,4.210000,4.100000,4.170000,4.118449,9463700
2019-01-09,4.270000,4.310000,4.240000,4.290000,4.236965,11238500
2019-01-10,4.250000,4.260000,4.150000,4.180000,4.128325,9065700
2019-01-11,4.020000,4.160000,4.000000,4.140000,4.088820,18203900
2019-01-14,4.010000,4.120000,3.990000,4.070000,4.019685,8219500
2019-01-15,4.080000,4.110000,3.950000,3.990000,3.940674,12460400
2019-01-16,3.980000,4.040000,3.960000,3.990000,3.940674,9113400
2019-01-17,3.930000,4.050000,3.910000,4.020000,3.970303,17692400
2019-01-18,4.070000,4.120000,4.010000,4.090000,4.039438,11996900
2019-01-22,4.070000,4.100000,4.000000,4.010000,3.960427,8102900
2019-01-23,4.050000,4.190000,4.020000,4.190000,4.138201,11126800
2019-01-24,4.160000,4.270000,4.140000,4.220000,4.167830,17471500
2019-01-25,4.280000,4.320000,4.230000,4.300000,4.246841,8311500
2019-01-28,4.200000,4.240000,4.120000,4.130000,4.078943,9742300
2019-01-29,4.200000,4.240000,4.160000,4.190000,4.138201,7249600
2019-01-30,4.330000,4.380000,4.260000,4.350000,4.296223,13109100
2019-01-31,4.360000,4.370000,4.260000,4.330000,4.276470,9357800
2019-02-01,4.320000,4.370000,4.270000,4.310000,4.256718,6054400
2019-02-04,4.250000,4.360000,4.220000,4.310000,4.256718,5230200
2019-02-05,4.340000,4.390000,4.310000,4.340000,4.286347,6910500
2019-02-06,4.220000,4.270000,4.120000,4.140000,4.088820,9889400
2019-02-07,4.190000,4.210000,4.050000,4.080000,4.029561,8714200
2019-02-08,4.040000,4.110000,4.000000,4.070000,4.019685,8095600
2019-02-11,4.070000,4.140000,4.010000,4.110000,4.059190,13931100
2019-02-12,4.140000,4.220000,4.130000,4.190000,4.138201,9484000
2019-02-13,4.190000,4.250000,4.140000,4.160000,4.108572,13744900
2019-02-14,4.110000,4.300000,4.080000,4.260000,4.207336,20976500
2019-02-15,4.230000,4.270000,4.170000,4.220000,4.167830,11793400
2019-02-19,4.150000,4.260000,4.150000,4.190000,4.138201,8206700
2019-02-20,4.170000,4.280000,4.160000,4.260000,4.207336,15151500
2019-02-21,4.080000,4.130000,4.000000,4.030000,3.980180,26839400
2019-02-22,4.090000,4.100000,4.000000,4.050000,3.999932,10407600
2019-02-25,4.090000,4.150000,4.070000,4.110000,4.059190,10284400
2019-02-26,4.110000,4.160000,4.100000,4.150000,4.098696,8020600
2019-02-27,4.130000,4.180000,4.110000,4.180000,4.128325,10197800
2019-02-28,4.150000,4.170000,4.030000,4.050000,3.999932,9109900
2019-03-01,4.010000,4.050000,3.970000,3.970000,3.920921,5235700
2019-03-04,3.960000,4.060000,3.950000,4.060000,4.009809,6471400
2019-03-05,4.050000,4.130000,4.030000,4.070000,4.019685,3431000
2019-03-06,4.070000,4.110000,3.920000,3.920000,3.871539,8280600
2019-03-07,3.900000,3.920000,3.810000,3.860000,3.812281,15386100
2019-03-08,3.770000,3.830000,3.740000,3.820000,3.799351,8040700
2019-03-11,3.880000,3.920000,3.800000,3.920000,3.898811,14626500
2019-03-12,3.900000,3.930000,3.880000,3.880000,3.859027,6523900
2019-03-13,3.870000,3.970000,3.860000,3.940000,3.918703,8298600
2019-03-14,3.940000,3.970000,3.830000,3.850000,3.829189,12740900
2019-03-15,3.870000,4.010000,3.860000,3.980000,3.958486,13065600
2019-03-18,4.010000,4.160000,4.000000,4.130000,4.107676,22600500
2019-03-19,4.150000,4.290000,4.140000,4.210000,4.187243,18106500
2019-03-20,4.190000,4.290000,4.140000,4.210000,4.187243,12229800
2019-03-21,4.240000,4.260000,4.070000,4.150000,4.127568,15354400
2019-03-22,4.010000,4.040000,3.840000,3.850000,3.829189,9416300
2019-03-25,3.850000,3.940000,3.840000,3.880000,3.859027,9433800
2019-03-26,3.950000,3.980000,3.870000,3.950000,3.928649,7981400
2019-03-27,3.840000,3.870000,3.730000,3.750000,3.729730,16426600
2019-03-28,3.740000,3.830000,3.690000,3.810000,3.789405,12165500
2019-03-29,3.880000,3.980000,3.860000,3.880000,3.859027,12792700
2019-04-01,4.010000,4.220000,4.000000,4.150000,4.127568,22295600
2019-04-02,4.200000,4.240000,4.120000,4.170000,4.147460,13691100
2019-04-03,4.240000,4.300000,4.120000,4.140000,4.117621,14663200
2019-04-04,4.120000,4.240000,4.100000,4.220000,4.197189,9639500
2019-04-05,4.180000,4.220000,4.060000,4.090000,4.067892,11102800
2019-04-08,4.130000,4.170000,4.080000,4.140000,4.117621,7347800
2019-04-09,4.070000,4.080000,3.980000,4.070000,4.048000,19647100
2019-04-10,4.060000,4.090000,4.000000,4.080000,4.057946,10024500
2019-04-11,4.050000,4.090000,3.930000,3.940000,3.918703,10348700
2019-04-12,3.920000,3.990000,3.840000,3.870000,3.849081,9254500
2019-04-15,3.910000,3.910000,3.810000,3.830000,3.809297,9636100
2019-04-16,3.770000,3.960000,3.770000,3.890000,3.868973,16018300
2019-04-17,3.930000,3.960000,3.760000,3.830000,3.809297,12538100
2019-04-18,3.870000,3.890000,3.780000,3.810000,3.789405,8253000
2019-04-22,3.830000,3.850000,3.760000,3.790000,3.769513,5335500
2019-04-23,3.780000,3.810000,3.730000,3.730000,3.709838,11690500
2019-04-24,3.720000,3.730000,3.610000,3.640000,3.620324,11665400
2019-04-25,3.640000,3.710000,3.600000,3.660000,3.640216,8341900
2019-04-26,3.680000,3.710000,3.620000,3.640000,3.620324,7947200
2019-04-29,3.650000,3.670000,3.610000,3.630000,3.610379,6365400
2019-04-30,3.640000,3.680000,3.570000,3.580000,3.560648,8035300
2019-05-01,3.580000,3.610000,3.470000,3.500000,3.481081,6994100
2019-05-02,3.510000,3.540000,3.470000,3.500000,3.481081,10802600
2019-05-03,3.530000,3.620000,3.530000,3.590000,3.570595,10574200
2019-05-06,3.480000,3.580000,3.470000,3.530000,3.510919,11066400
2019-05-07,3.460000,3.540000,3.420000,3.540000,3.520865,13202400
2019-05-08,3.690000,3.730000,3.560000,3.610000,3.590486,31711200
2019-05-09,3.550000,3.590000,3.490000,3.560000,3.540757,11445400
2019-05-10,3.570000,3.590000,3.470000,3.540000,3.520865,8658500
2019-05-13,3.450000,3.460000,3.380000,3.420000,3.401514,8562400
2019-05-14,3.440000,3.500000,3.430000,3.490000,3.471135,9382700
2019-05-15,3.390000,3.460000,3.360000,3.430000,3.411459,8833300
2019-05-16,3.440000,3.470000,3.350000,3.370000,3.351784,8527300
2019-05-17,3.330000,3.390000,3.280000,3.330000,3.312000,13789200
2019-05-20,3.320000,3.370000,3.280000,3.330000,3.312000,7407100
2019-05-21,3.330000,3.510000,3.310000,3.480000,3.480000,9413300
2019-05-22,3.500000,3.570000,3.470000,3.480000,3.480000,9043700
2019-05-23,3.440000,3.490000,3.380000,3.410000,3.410000,6270200
2019-05-24,3.450000,3.470000,3.380000,3.400000,3.400000,3645700
2019-05-28,3.400000,3.480000,3.360000,3.460000,3.460000,6895400
2019-05-29,3.440000,3.530000,3.410000,3.500000,3.500000,6395000
2019-05-30,3.470000,3.540000,3.460000,3.470000,3.470000,4840600
2019-05-31,3.460000,3.520000,3.420000,3.480000,3.480000,6846500
2019-06-03,3.480000,3.540000,3.470000,3.530000,3.530000,6108900
2019-06-04,3.540000,3.590000,3.510000,3.550000,3.550000,8296300
2019-06-05,3.560000,3.570000,3.450000,3.480000,3.480000,5105500
2019-06-06,3.490000,3.520000,3.440000,3.500000,3.500000,5641500
2019-06-07,3.510000,3.560000,3.480000,3.540000,3.540000,3987500
2019-06-10,3.540000,3.610000,3.540000,3.590000,3.590000,3659900
2019-06-11,3.690000,3.800000,3.680000,3.720000,3.720000,11125400
2019-06-12,3.740000,3.780000,3.670000,3.700000,3.700000,6527600
2019-06-13,3.740000,3.790000,3.730000,3.750000,3.750000,6564500
2019-06-14,3.680000,3.710000,3.580000,3.630000,3.630000,6613800
2019-06-17,3.620000,3.670000,3.580000,3.610000,3.610000,15879800
2019-06-18,3.680000,3.780000,3.670000,3.750000,3.750000,10000600
2019-06-19,3.790000,3.850000,3.730000,3.840000,3.840000,9770000
2019-06-20,3.900000,3.940000,3.830000,3.930000,3.930000,8680200
2019-06-21,3.890000,3.950000,3.880000,3.910000,3.910000,17128900
2019-06-24,3.910000,3.940000,3.900000,3.900000,3.900000,3478200
2019-06-25,3.890000,3.910000,3.770000,3.810000,3.810000,7126100
2019-06-26,3.840000,3.890000,3.810000,3.860000,3.860000,11580700
2019-06-27,3.860000,3.890000,3.780000,3.850000,3.850000,4631700
2019-06-28,3.900000,3.930000,3.860000,3.890000,3.890000,4402000
2019-07-01,3.980000,4.000000,3.860000,3.880000,3.880000,5755100
2019-07-02,3.840000,3.840000,3.730000,3.770000,3.770000,9944100
2019-07-03,3.730000,3.800000,3.710000,3.760000,3.760000,4752000
2019-07-05,3.940000,3.990000,3.850000,3.980000,3.980000,15300200
